3121869976,3140416381,3142322318,3126938642,985548646,3144102974,981493946,968920853,3122883683,3145758067,3129700133,3133332655,3125897194,3120732812,3141631508,980465950,3091572864,3136902340,3140497100,930895456,3141249462,3147622216,977608984,3148329930,3145730903,3148388954,986065470
3141693210,3134878670,991061961,977708040,3144501794,3140889408,3146414142,3143592092,3128485383,3121399926,3138028928,3145639555,3133251458,991091725,3135434075,982183237,3145159595,3122144236,3137784370,3126894144,982435221,3142214483,3139885084,3137775202,3126231167,3130045540,982333631
3109908128,3147185553,985591078,3116156173,3124738040,3146354195,3143517373,3144138988,3147815659,3139910613,3136627127,3120465483,3132892686,3108872524,3143042735,3145798007,3138914698,3088501624,984986042,3142877688,984865300,3142087506,966992320,3145755593,3140381430,3119436300,3137651094
960246262,990471942,3136026832,3145746752,3136533894,985871156,3139586125,992105178,3143091340,984711240,991615351,3131208283,3141515168,3146081146,3141093240,917622848,994054675,3144141735,995701795,3105169834,3131729457,3135769655,3142826744,3138385329,967074986,970412363,3143593268
3146239417,3139147074,3140407564,3137472293,3147263292,3145449887,3139681336,3138512752,3146248767,3113790914,3110094724,3147604206,3142855313,3138806792,979441683,3147862775,3142948662,981848713,960363648,3132668365,3142422314,3147930066,3141698576,3133080659,3141790003,3136316873,3126298097
3149939912,985136854,3148835388,3131599636,3141462765,3136416932,3138396507,3131383574,3147105162,3142736866,3132167794,3142439092,977183596,3124393584,3120424979,3138482560,3132947152,3132013089,3123255990,3133173360,3139013046,3137593430,3132835860,3112786476,3144604400,3139017682,3148449309
3138750790,3098342921,3139669967,3119025243,3140835232,3146830701,982150313,3115532058,3120396818,3133246298,3141454661,980880207,966587186,3141153400,3131943298,3131425646,3128162655,3151547089,3132397066,3094470368,988980819,3122272720,3147626800,3123985064,3132574942,3140026620,3138897082
3130792810,3145223479,973993493,3141791584,3125092417,3132253140,988745295,981386011,3139445410,3140991163,974923511,3115214675,978483766,965877863,3145658104,3140718449,3141141660,3148635478,3142032265,973812452,3113707515,983923324,3132785555,3111595940,982577464,3141570975,3126356997
3147628686,976237752,3145429537,3092246272,3140046634,3126459702,958802048,3140691380,3127722263,3132643174,3145655519,3146582293,3126125396,982712832,3144030180,3145577515,3147526820,3136478134,3147353148,3140576044,3133906553,964135772,983685494,948610904,3142677112,3138053631,3148818906
3148425406,3139546825,988705546,3141685452,950533956,3134927195,987982702,970504674,979809320,3145109168,3149106611,962656912,3147537679,946075456,3142038717,990349664,3143198510,3146455853,984887030,3147867750,978161205,3145862189,3111413788,959088570,968424037,3145777380,987331426
3142007530,3137245003,3140539728,966651611,3137072095,3131951327,3146191870,3134454308,989227324,3136999331,3131762358,3142190053,3142324906,3146664323,3147615432,979925598,985911479,981033500,3123612604,3134930539,959829762,3138752853,3132584227,3147752206,991545549,974755616,992054079
3141692090,3147921166,978290018,3149632620,3137011640,3128523699,3140231933,3145947673,967989352,983237338,3142824078,3141297716,3126463049,3137704916,3149731443,3147249214,3116381182,3144160204,902846720,3132359149,991210981,3145652871,3125884881,3146748141,965949076,974364917,3145173232
3132020079,977572859,3145703427,3128243722,3124740514,3147951053,941010840,3142638237,3138517854,3146964495,3137695835,3147501338,3100603044,3141577519,987329152,3149051463,3145671668,3139424993,3137515880,983622914,3142885468,3140333281,3143389720,3143488026,3137469013,3130245738,3138560089
3146148603,3148469363,3145218232,3143049601,3139892740,973134556,3122045536,3142235357,3134978389,3111217286,3134509863,3140492818,3134718884,3129845302,951503376,3139041926,3133947775,3128063543,3141873842,3145677400,985742750,3121863060,3147394201,3143650226,3145989087,3139283736,3123538312
960839286,975461276,982807858,3143852165,3142959020,977336339,3120449676,3149758121,3148907085,3109916298,3144525702,975562138,3148901489,3119087515,965575846,992463883,3139218156,3142017158,985863403,976941215,985429034,3143167202,3137955265,3091531360,3122968731,3142382701,3145921135
3137069599,977577950,973800450,3145721355,3140270058,3137779053,3128607306,3142264364,992528062,974741626,939568976,3138992149,3123941030,3138271174,3145755109,989003682,3128082532,3147649479,980294968,960678832,3139846900,3130301210,3131621668,3141171565,994857778,3121129999,3140616639
968097846,3141979160,3121423158,3093323168,977682415,3142610041,3132394981,3127886414,3147713858,3109167504,3146244511,3137765691,3126635934,3147209042,974411864,3144149001,3145862227,3118788260,3145028244,3146750082,989125618,3107591026,3140649588,3121063107,3132201916,3148760734,3147564221
989865022,3146918109,3130279111,973510786,3110489382,949632880,3144711748,974083254,3147181800,981150686,3125494882,3143104414,986112111,3141914911,3149864258,3125750296,3123486511,3122195574,984924285,3143470587,3124904058,993464980,3136153077,3138135014,987467339,3139891254,3145494730
983502976,990916058,3116364518,3115803605,3133815330,3140510464,3145515612,993323420,3108879563,983834466,3134976232,3131134368,990943991,3140725362,3129558205,3145748331,3123558970,3127980592,3142038238,956894029,967723048,3139166757,3133766696,3112009415,3142282600,3142111200,3129202143
988250202,975882102,3140101886,3147536496,3149162848,3143737304,3107667542,3137848610,3131747104,984121071,3146184164,3146968047,987722634,3149192837,964333532,3130062961,992670623,983131958,978310156,992722922,3137460869,3144535548,3148570175,982391976,3143516984,987872886,963484690
3140742258,3141031439,3129256213,3148951654,3120648179,977788977,984527828,968712101,3147397307,981032708,3121641034,3128193236,3133040076,3119626549,990404614,977468054,3116790513,3132244370,3147009778,3147103656,3121552776,3145604536,3145975413,3147636044,989128159,3143465562,3123783352
3145705812,3120304790,3143698425,3143816281,3146598748,3146606746,3139753131,978767471,3136070603,3117789641,978244327,3135534344,983378972,3139197858,976967300,3122701205,3134709485,3129744588,3130082338,3144455054,3143272233,984538663,3126962957,3113969526,3142227562,3143968220,3126773270
3143684221,3137174548,3112272001,3086904064,3135775108,971934060,3148828909,3138858288,3125984476,3114500090,3140416547,3134340708,930053980,3136668088,980419298,969775790,3132343507,3124378667,3144215418,3142094297,3120588730,3101506992,3138528004,3130125545,3138674092,3140170324,3147714212
3141561871,3136187555,3139754034,990040925,3133366739,3149527483,3140630997,3142016942,967855582,3140114472,3132329831,984166767,981218880,3130335998,3147030639,3147511159,3138634765,974039294,3133087762,3143622043,992831182,3145343789,3136134954,3141090169,975300870,3143641080,985465225
970644181,3142466898,974359507,984980078,3148462386,3140719429,988566407,3140359621,3121562112,985626418,3133419236,3139125344,3065463680,3141478797,3147732882,3148186420,3149771002,3139603683,3139029340,3134814384,3137618016,3142308015,3146379536,3144978378,3138968642,3143396254,3127310174
3142291178,3134784022,982876675,3120204614,988802973,3139784138,3112851490,975942666,3138090034,3146382175,3141345233,3116701484,3141967577,987630548,3144307856,3147263045,986148273,3140959264,3145050232,971480735,986013966,3141099449,983915285,3138630692,985156996,3141562486,974418650
3138473041,3133215948,957938148,3149466054,3149017147,3147824142,980346306,3131854238,3146545414,3135698278,3145014149,3147291585,3138468306,3140346760,3130628268,3134007944,3105674136,3147517550,3139806263,3140370700,3144274949,964979121,3148306026,3147863382,3147627759,3146380819,974423900
3146538043,3124740688,985334972,986386422,3135620615,3142031699,989995157,3147029518,3147612875,974765936,982511898,3148414103,3141035027,978626602,3144973270,3090234560,3148148659,3149910122,3129955703,983517093,977121080,3115966724,3114613242,3145177227,974236880,3124616038,984718982
3147153568,3147991097,3143947167,3130105379,3132345446,973304717,3139947706,944058704,3134676314,3125429804,3136709276,3141068004,3140789453,3145480419,3149032726,974343966,980895605,3123342886,3139083593,3146415058,3120205771,3113678577,3149733871,3141479454,3142649762,3134383120,3140651304
3110875808,3130811391,3150120848,3140727107,950951900,975913342,981153354,936930752,3124848375,989445140,3124115857,3147503305,973731434,975624418,3147286221,3135758248,3142861162,3139428666,990208468,3143817774,3114694258,3142710317,3147983116,970439781,3145884861,3135031072,3147394110
3123372625,3121861418,3144175103,3139171332,3137430314,3137864251,3132130000,3144971115,3145967768,3138011812,3147470565,3143707232,3121465799,3146395505,983186068,3142739423,957545336,3139400287,3143898095,3140820969,3124467276,3145354966,3140508025,3130981694,3139648358,3133775413,3121974203
990514291,3142189116,3139152269,985832928,3144333982,950412352,3127738034,3145370387,3124519302,3146150376,3148276830,3101416196,3145947814,3133101794,3143545678,3145810869,3145769282,981921654,978006426,3144663905,3117197035,991360324,3147409671,3147966408,3139127428,3131443130,992022381
-0.00821394
-0.00427495
-0.00288108
-0.00541247
-0.0052368
-0.00300084
0.00102902
-0.00753445
-0.00480666
-0.00378732
-0.00346314
-0.000795982
-0.00142644
-0.00906387
-0.00401414
-0.00609336
-0.000937929
-0.00746727
-0.00452442
-0.00426467
-0.00282242
-0.00239245
-0.00280224
-0.00021676
-9.98466e-05
-0.00449388
-0.000139303
-0.00569039
-0.000195832
-0.00597821
-0.0012944
-0.000534855
0.00708225
0.0082623
0.00548494
0.00979709
0.0114194
0.00478878
0.0107228
0.0129813
0.0099549
0.00418281
0.00957778
0.00983297
0.00899125
0.0117734
0.00436662
0.00989716
0.010339
0.00587951
0.01103
0.0101267
0.0111614
0.0120532
0.00337823
0.0101887
0.00460854
0.0123138
0.00954302
0.00936729
0.0153463
0.0137081
0.0114157
0.00892539
0.00475632
0.010179
0.00619206
0.00648589
0.00866868
0.00746867
0.0113652
0.00803648
0.014009
0.0117903
0.00457014
0.0113479
0.0131965
0.00814763
0.00505942
0.00640736
0.0074424
0.00579948
0.00683018
0.00729655
0.00911365
0.0139991
0.00443811
0.0123533
0.0115888
0.0130954
0.00918654
0.0113506
0.00779613
0.00733159
0.00927574
0.0111396
-0.793288
0.406966
-4.16828
-3.50465
-3.93226
-4.00321
-3.78541
-3.89524
-3.6185
-4.00271
-3.65499
-3.50861
-3.91376
-3.67296
-3.79664
-3.8776
-3.69655
-3.79546
-3.77455
-3.90001
-3.81312
-3.80561
-3.80973
-3.81451
-3.87327
-3.82348
-3.79689
-3.64901
-3.87898
-4.1684
-4.17087
-3.8152
-3.76533
-3.87531
-2.31463
-2.21937
-2.49866
-2.86034
-2.86449
-2.53656
-2.17413
-2.32284
-2.21945
-2.08078
-2.29908
-2.33066
-2.41339
-2.38318
-2.229
-2.34351
-2.28628
-2.02688
-2.15715
-2.21621
-2.16229
-2.12226
-2.24249
-2.18023
-2.57174
-2.24269
-2.48029
-2.26229
-2.30737
-2.31142
-2.32384
-2.66996
-4.16947
-3.50197
-3.93467
-4.0043
-3.78913
-3.89485
-3.618
-3.99481
-3.65174
-3.50247
-3.91653
-3.66653
-3.79711
-3.87196
-3.69083
-3.79318
-3.78268
-3.90362
-3.81147
-3.807
-3.8157
-3.81688
-3.87168
-3.82972
-3.79015
-3.64924
-3.88302
-4.1654
-4.16971
-3.81449
-3.76579
-3.87117
-2.31288
-2.22118
-2.5009
-2.86446
-2.86175
-2.53246
-2.18265
-2.32311
-2.21326
-2.07314
-2.30044
-2.32893
-2.40876
-2.3778
-2.22923
-2.35204
-2.28687
-2.01871
-2.14838
-2.2126
-2.15889
-2.12939
-2.24236
-2.18488
-2.56899
-2.24318
-2.4764
-2.26378
-2.31089
-2.31367
-2.31973
-2.66865
-4.16531
-3.50151
-3.93529
-4.00218
-3.78895
-3.89699
-3.62019
-3.99958
-3.65138
-3.50296
-3.91658
-3.67095
-3.79402
-3.87254
-3.6928
-3.79207
-3.77837
-3.9014
-3.80757
-3.8015
-3.81667
-3.8182
-3.87565
-3.82354
-3.79248
-3.64891
-3.87991
-4.1646
-4.1623
-3.81504
-3.76794
-3.87498
-2.30969
-2.21651
-2.49426
-2.86247
-2.85937
-2.53051
-2.18061
-2.32278
-2.21551
-2.07749
-2.29846
-2.32768
-2.41303
-2.38066
-2.23191
-2.3438
-2.28838
-2.01822
-2.15591
-2.2092
-2.16396
-2.12656
-2.24941
-2.18366
-2.56642
-2.24546
-2.47645
-2.26492
-2.31166
-2.30911
-2.32476
-2.6689
-4.16997
-3.49794
-3.93027
-4.00902
-3.78737
-3.89735
-3.61307
-3.99626
-3.65164
-3.5091
-3.91695
-3.66527
-3.79397
-3.86965
-3.68853
-3.78885
-3.78274
-3.90612
-3.80576
-3.80403
-3.81376
-3.81943
-3.87228
-3.82314
-3.79673
-3.65379
-3.87705
-4.16306
-4.17093
-3.81248
-3.7714
-3.87797
-2.30762
-2.22265
-2.49533
-2.85873
-2.86329
-2.53217
-2.18114
-2.32583
-2.22061
-2.08037
-2.29671
-2.32954
-2.40663
-2.38134
-2.23229
-2.34924
-2.28345
-2.02288
-2.15401
-2.20731
-2.16237
-2.12445
-2.25047
-2.1831
-2.57302
-2.24326
-2.47995
-2.25929
-2.31111
-2.30508
-2.32073
-2.66605
-4.17241
-3.49913
-3.93422
-4.00908
-3.7873
-3.89613
-3.61877
-3.9979
-3.65111
-3.50738
-3.9169
-3.67168
-3.79828
-3.87386
-3.69005
-3.79395
-3.77944
-3.90106
-3.81107
-3.80129
-3.81136
-3.81705
-3.87046
-3.82321
-3.79067
-3.64981
-3.88206
-4.17071
-4.16704
-3.8115
-3.76885
-3.87837
-2.30949
-2.21791
-2.50022
-2.86712
-2.86452
-2.53077
-2.17774
-2.32312
-2.21324
-2.08131
-2.2988
-2.32649
-2.40933
-2.37738
-2.23248
-2.34591
-2.28598
-2.02177
-2.14964
-2.21536
-2.16092
-2.12924
-2.24751
-2.17983
-2.56538
-2.24479
-2.47633
-2.26097
-2.3062
-2.31335
-2.32434
-2.6677
-4.16611
-3.49824
-3.92796
-4.0083
-3.78136
-3.89279
-3.62081
-3.99735
-3.65447
-3.50331
-3.91488
-3.67223
-3.79626
-3.87466
-3.68869
-3.79412
-3.78089
-3.90385
-3.80656
-3.80656
-3.81401
-3.81561
-3.86866
-3.82594
-3.79194
-3.65411
-3.87533
-4.16682
-4.16418
-3.81621
-3.76741
-3.87025
-2.31133
-2.21769
-2.50136
-2.86119
-2.86093
-2.53044
-2.17681
-2.32753
-2.21512
-2.07657
-2.29998
-2.33382
-2.41272
-2.37787
-2.23512
-2.35148
-2.28867
-2.02674
-2.1542
-2.21418
-2.16044
-2.12444
-2.25053
-2.18686
-2.56729
-2.24269
-2.4769
-2.26353
-2.3097
-2.31324
-2.32074
-2.66175
-4.16777
-3.50502
-3.93302
-4.00442
-3.78344
-3.89717
-3.61744
-4.00044
-3.64999
-3.50945
-3.91486
-3.67179
-3.79499
-3.87272
-3.6955
-3.79475
-3.77858
-3.90662
-3.80661
-3.80817
-3.80827
-3.81402
-3.87491
-3.8309
-3.79769
-3.64766
-3.87837
-4.16802
-4.16419
-3.8175
-3.76507
-3.86995
-2.31149
-2.21723
-2.49999
-2.86738
-2.86231
-2.5336
-2.18024
-2.32639
-2.21743
-2.07599
-2.29508
-2.33103
-2.40561
-2.37564
-2.23579
-2.34785
-2.28382
-2.02583
-2.15077
-2.21295
-2.16211
-2.12553
-2.24719
-2.18763
-2.56767
-2.23932
-2.47722
-2.25711
-2.30712
-2.30517
-2.32572
-2.66638
-4.17006
-3.50438
-3.92813
-4.00896
-3.78338
-3.89611
-3.62012
-4.00019
-3.65075
-3.50382
-3.91844
-3.66525
-3.79838
-3.87363
-3.69638
-3.79764
-3.78095
-3.908
-3.80869
-3.80857
-3.80963
-3.81706
-3.87623
-3.82449
-3.79227
-3.65278
-3.87757
-4.1645
-4.1663
-3.81548
-3.76358
-3.87495
-2.30986
-2.22344
-2.49285
-2.85894
-2.86458
-2.53567
-2.17784
-2.32504
-2.21552
-2.08057
-2.29952
-2.33278
-2.41368
-2.38372
-2.22935
-2.34594
-2.28775
-2.02457
-2.14932
-2.21461
-2.161
-2.12617
-2.24966
-2.17998
-2.56531
-2.24137
-2.4779
-2.25904
-2.30547
-2.31153
-2.32591
-2.66314
-4.16691
-3.50402
-3.93505
-4.00205
-3.78672
-3.89279
-3.62138
-4.00345
-3.65573
-3.5047
-3.91309
-3.67286
-3.79789
-3.8747
-3.6925
-3.79502
-3.78069
-3.90448
-3.809
-3.80547
-3.8127
-3.81915
-3.86945
-3.82494
-3.78913
-3.65494
-3.87575
-4.16874
-4.16523
-3.81003
-3.76535
-3.8753
-2.3078
-2.21841
-2.4935
-2.86018
-2.86354
-2.53166
-2.17503
-2.32153
-2.21394
-2.07989
-2.29256
-2.32884
-2.41301
-2.37477
-2.23036
-2.34918
-2.29058
-2.01872
-2.1486
-2.21372
-2.16602
-2.12873
-2.24217
-2.18189
-2.57247
-2.2428
-2.47731
-2.26019
-2.30995
-2.30695
-2.32016
-2.6692
-4.16496
-3.50442
-3.9356
-4.00048
-3.78818
-3.89885
-3.61349
-4.00152
-3.64827
-3.5076
-3.91289
-3.66992
-3.79431
-3.876
-3.69577
-3.79385
-3.77759
-3.90444
-3.80751
-3.80456
-3.81329
-3.81783
-3.86867
-3.82838
-3.79099
-3.64956
-3.87907
-4.16357
-4.16339
-3.81673
-3.76371
-3.87404
-2.31251
-2.22278
-2.49934
-2.86355
-2.86593
-2.53152
-2.17871
-2.32676
-2.21725
-2.07487
-2.30121
-2.32848
-2.41229
-2.37605
-2.23273
-2.34725
-2.28506
-2.02326
-2.1551
-2.21598
-2.15983
-2.12515
-2.24818
-2.18108
-2.56766
-2.23941
-2.47903
-2.25907
-2.30759
-2.31201
-2.32078
-2.66782
-4.16608
-3.50611
-3.92937
-4.00089
-3.78365
-3.89116
-3.6169
-3.99889
-3.65131
-3.50958
-3.9177
-3.67104
-3.79545
-3.87656
-3.69521
-3.79327
-3.78019
-3.90275
-3.80922
-3.80549
-3.81284
-3.81935
-3.87025
-3.83018
-3.79647
-3.64643
-3.87502
-4.16952
-4.16961
-3.81043
-3.76755
-3.87231
-2.30851
-2.21475
-2.49791
-2.86316
-2.86669
-2.53219
-2.17769
-2.32664
-2.21974
-2.07785
-2.29961
-2.32937
-2.41164
-2.37487
-2.22935
-2.34623
-2.28378
-2.0232
-2.15214
-2.21544
-2.16039
-2.12814
-2.24867
-2.18026
-2.57241
-2.24443
-2.47999
-2.25722
-2.30578
-2.30827
-2.32119
-2.66935
-4.16821
-3.49814
-3.9276
-4.00865
-3.78198
-3.89736
-3.61795
-3.99987
-3.65045
-3.50815
-3.91917
-3.67225
-3.80082
-3.87476
-3.68868
-3.79663
-3.78149
-3.90573
-3.80903
-3.80756
-3.81522
-3.81589
-3.8758
-3.82694
-3.79256
-3.6478
-3.88247
-4.16604
-4.16492
-3.81182
-3.76641
-3.87759
-2.31599
-2.22168
-2.49675
-2.85926
-2.86343
-2.52814
-2.17634
-2.32839
-2.21224
-2.08072
-2.29944
-2.32798
-2.41328
-2.37771
-2.23184
-2.34413
-2.28404
-2.02689
-2.14898
-2.20895
-2.16309
-2.122
-2.24393
-2.18791
-2.56466
-2.24397
-2.47965
-2.26102
-2.30715
-2.30747
-2.32393
-2.66512
-4.17062
-3.50351
-3.93117
-4.00678
-3.78635
-3.89558
-3.62056
-4.0013
-3.64768
-3.50297
-3.91732
-3.67036
-3.80143
-3.87536
-3.69601
-3.7961
-3.78139
-3.9046
-3.80792
-3.80309
-3.81498
-3.82244
-3.87343
-3.8232
-3.79217
-3.64793
-3.87779
-4.16707
-4.16743
-3.81447
-3.7704
-3.87875
-2.3099
-2.21644
-2.50172
-2.86227
-2.86266
-2.53189
-2.18018
-2.3292
-2.21163
-2.07886
-2.30102
-2.32995
-2.40589
-2.375
-2.23169
-2.344
-2.28426
-2.02149
-2.15276
-2.20847
-2.15953
-2.12665
-2.24373
-2.18223
-2.56774
-2.24069
-2.47438
-2.25631
-2.30804
-2.31263
-2.31854
-2.66579
-4.16494
-3.50036
-3.93087
-4.0019
-3.78264
-3.89977
-3.61517
-3.99548
-3.64993
-3.50952
-3.91422
-3.66787
-3.79911
-3.87015
-3.69385
-3.78874
-3.7768
-3.9064
-3.81112
-3.80688
-3.80875
-3.81713
-3.87458
-3.82775
-3.79362
-3.65405
-3.87547
-4.16899
-4.16771
-3.81721
-3.77192
-3.87864
-2.31384
-2.21486
-2.49715
-2.86423
-2.86388
-2.53206
-2.17965
-2.32231
-2.21826
-2.0745
-2.29877
-2.32756
-2.40696
-2.37981
-2.23334
-2.34996
-2.28923
-2.0223
-2.15079
-2.21074
-2.16636
-2.12447
-2.24369
-2.1831
-2.56616
-2.24551
-2.47426
-2.25911
-2.30557
-2.30739
-2.32566
-2.6649
-4.16532
-3.50577
-3.93132
-4.0085
-3.78287
-3.89837
-3.62005
-3.99979
-3.65422
-3.50379
-3.91652
-3.67008
-3.7937
-3.87739
-3.69059
-3.79171
-3.78049
-3.903
-3.81154
-3.80869
-3.81451
-3.82153
-3.86973
-3.82469
-3.79078
-3.64637
-3.88223
-4.16265
-4.16341
-3.81729
-3.77162
-3.87403
-2.30988
-2.21561
-2.4979
-2.86585
-2.86436
-2.5319
-2.17651
-2.32216
-2.21361
-2.07856
-2.29967
-2.33027
-2.41332
-2.37678
-2.2304
-2.34938
-2.29105
-2.01797
-2.15463
-2.21057
-2.15969
-2.12978
-2.24401
-2.18233
-2.57306
-2.24741
-2.47515
-2.26329
-2.30788
-2.31003
-2.32487
-2.67045
-4.16825
-3.50205
-3.9352
-4.00891
-3.78556
-3.89753
-3.61779
-4.00336
-3.65138
-3.50808
-3.92064
-3.67116
-3.79474
-3.87531
-3.6895
-3.78906
-3.78006
-3.90675
-3.80747
-3.80211
-3.81675
-3.81832
-3.87604
-3.8295
-3.79715
-3.65382
-3.88088
-4.16723
-4.16917
-3.81458
-3.76347
-3.87641
-2.31102
-2.21687
-2.5011
-2.85874
-2.86028
-2.53242
-2.17825
-2.32592
-2.2154
-2.07579
-2.29687
-2.33364
-2.41019
-2.379
-2.23162
-2.34416
-2.28907
-2.02404
-2.15404
-2.21523
-2.16203
-2.12427
-2.24998
-2.18311
-2.57257
-2.2413
-2.47914
-2.25689
-2.30616
-2.31094
-2.32037
-2.6687
-4.16497
-3.49807
-3.92844
-4.00466
-3.78456
-3.89773
-3.61465
-3.9973
-3.64974
-3.50767
-3.91671
-3.66655
-3.79906
-3.87618
-3.69504
-3.79729
-3.77524
-3.90699
-3.80994
-3.80567
-3.81069
-3.81725
-3.87234
-3.82304
-3.79639
-3.65169
-3.88083
-4.16877
-4.16565
-3.81017
-3.7689
-3.87817
-2.3115
-2.21941
-2.49774
-2.8637
-2.86354
-2.52882
-2.17631
-2.32852
-2.21342
-2.07951
-2.29824
-2.33462
-2.41248
-2.37718
-2.23334
-2.34893
-2.289
-2.01933
-2.15613
-2.21357
-2.16347
-2.12365
-2.25003
-2.18032
-2.57144
-2.23942
-2.47691
-2.26266
-2.31014
-2.31102
-2.32245
-2.66646
-4.1697
-3.50089
-3.93459
-4.00614
-3.78531
-3.89557
-3.6141
-4.0001
-3.65171
-3.5012
-3.91354
-3.66833
-3.79801
-3.87646
-3.69173
-3.79536
-3.77456
-3.90859
-3.81451
-3.80508
-3.81521
-3.8176
-3.86869
-3.82859
-3.79156
-3.64761
-3.88271
-4.1696
-4.16375
-3.81412
-3.772
-3.87679
-2.31503
-2.21835
-2.49893
-2.86701
-2.86218
-2.53562
-2.18263
-2.32576
-2.21523
-2.07377
-2.29894
-2.3348
-2.41069
-2.37948
-2.23365
-2.34773
-2.28864
-2.02299
-2.15285
-2.20752
-2.1677
-2.12596
-2.24174
-2.1807
-2.56624
-2.24426
-2.47614
-2.2584
-2.30866
-2.31111
-2.3195
-2.66979
-4.17287
-3.50242
-3.93217
-4.00637
-3.78183
-3.89936
-3.61615
-4.0021
-3.65091
-3.50246
-3.91821
-3.66609
-3.79739
-3.87382
-3.68912
-3.79416
-3.77602
-3.90604
-3.81453
-3.8035
-3.81127
-3.82124
-3.87692
-3.82699
-3.79679
-3.65151
-3.87991
-4.17078
-4.16407
-3.81289
-3.77102
-3.8717
-2.31032
-2.22263
-2.49553
-2.86098
-2.86326
-2.53303
-2.18076
-2.32301
-2.21277
-2.07821
-2.29903
-2.32638
-2.4066
-2.37813
-2.23229
-2.34983
-2.28956
-2.02116
-2.15412
-2.21243
-2.16469
-2.12934
-2.24541
-2.1872
-2.56938
-2.24238
-2.4745
-2.26186
-2.30946
-2.31213
-2.31843
-2.66847
-4.1706
-3.50493
-3.92767
-4.00817
-3.78659
-3.8959
-3.62103
-4.00369
-3.65291
-3.50707
-3.91661
-3.67071
-3.79838
-3.87193
-3.68841
-3.79325
-3.77472
-3.90861
-3.80808
-3.80571
-3.81389
-3.81769
-3.87679
-3.82506
-3.78889
-3.64902
-3.88018
-4.16928
-4.16213
-3.81303
-3.76425
-3.87622
-2.30808
-2.21839
-2.49943
-2.8641
-2.86312
-2.53541
-2.18175
-2.32765
-2.21459
-2.07461
-2.2999
-2.33466
-2.41308
-2.37499
-2.23449
-2.34496
-2.28452
-2.0228
-2.15453
-2.21169
-2.16728
-2.12489
-2.25045
-2.1866
-2.57019
-2.24274
-2.47755
-2.25815
-2.30854
-2.31005
-2.32626
-2.66309
-4.16614
-3.49763
-3.93363
-4.00557
-3.78437
-3.89249
-3.62004
-3.99704
-3.64956
-3.50236
-3.91819
-3.66568
-3.79794
-3.87711
-3.69299
-3.79201
-3.78195
-3.90823
-3.81063
-3.8084
-3.81478
-3.81827
-3.86936
-3.82642
-3.79124
-3.65137
-3.87431
-4.16316
-4.1646
-3.81322
-3.77069
-3.8727
-2.31605
-2.21966
-2.50157
-2.86203
-2.85968
-2.53419
-2.18111
-2.3232
-2.21718
-2.07732
-2.29472
-2.32994
-2.412
-2.37532
-2.23516
-2.34671
-2.28502
-2.02504
-2.15444
-2.21612
-2.16545
-2.12769
-2.24758
-2.18753
-2.56676
-2.24441
-2.47639
-2.26165
-2.31214
-2.3129
-2.3256
-2.6632
-4.16811
-3.50203
-3.93185
-4.00133
-3.78803
-3.89457
-3.61658
-3.99483
-3.65451
-3.50198
-3.92067
-3.6665
-3.79993
-3.86965
-3.68872
-3.79116
-3.78307
-3.90653
-3.81077
-3.80255
-3.8102
-3.81661
-3.87332
-3.82993
-3.79756
-3.65135
-3.87899
-4.16272
-4.16212
-3.81188
-3.76589
-3.87792
-2.31629
-2.21786
-2.50175
-2.86175
-2.86593
-2.52939
-2.17607
-2.32541
-2.21824
-2.08135
-2.29696
-2.33287
-2.41058
-2.37881
-2.2299
-2.34491
-2.28386
-2.0234
-2.15622
-2.2108
-2.16387
-2.12683
-2.24621
-2.18493
-2.56495
-2.24467
-2.47324
-2.25824
-2.30751
-2.30734
-2.32466
-2.66622
-4.166
-3.50594
-3.93556
-4.00807
-3.78912
-3.89837
-3.61964
-3.9993
-3.65186
-3.5091
-3.91747
-3.67316
-3.80083
-3.87267
-3.6957
-3.7943
-3.78001
-3.90181
-3.80992
-3.80394
-3.81562
-3.8172
-3.87418
-3.8293
-3.79605
-3.64728
-3.87921
-4.16673
-4.16356
-3.81792
-3.76915
-3.87706
-2.30875
-2.21641
-2.49444
-2.86015
-2.85893
-2.53438
-2.17476
-2.32633
-2.21949
-2.07908
-2.29988
-2.33432
-2.40984
-2.37535
-2.23558
-2.35121
-2.28997
-2.02273
-2.14895
-2.21319
-2.16264
-2.12501
-2.25049
-2.18506
-2.56989
-2.24379
-2.48073
-2.25652
-2.31346
-2.30992
-2.31988
-2.66722
-4.17045
-3.5059
-3.92706
-4.00127
-3.78268
-3.89702
-3.61636
-3.9972
-3.64928
-3.50642
-3.92042
-3.66554
-3.79599
-3.87381
-3.69481
-3.79066
-3.77736
-3.90748
-3.8082
-3.80694
-3.81246
-3.81409
-3.87718
-3.83076
-3.79464
-3.64662
-3.87673
-4.16885
-4.16937
-3.81463
-3.7651
-3.87063
-2.31275
-2.22257
-2.50168
-2.86673
-2.86265
-2.52903
-2.18275
-2.32219
-2.2117
-2.07787
-2.29309
-2.33459
-2.40551
-2.37521
-2.22834
-2.34594
-2.28288
-2.02196
-2.15407
-2.21477
-2.16135
-2.12432
-2.24191
-2.18385
-2.56528
-2.24388
-2.48051
-2.25745
-2.31078
-2.31254
-2.32593
-2.66552
-4.16746
-3.50531
-3.93146
-4.00141
-3.78765
-3.89229
-3.61344
-4.00236
-3.64881
-3.50708
-3.91902
-3.6731
-3.80046
-3.86945
-3.69222
-3.79296
-3.7817
-3.90563
-3.80739
-3.80577
-3.8142
-3.82092
-3.86858
-3.83117
-3.79054
-3.64728
-3.88189
-4.16804
-4.16699
-3.81244
-3.77178
-3.87264
-2.314
-2.21687
-2.4972
-2.85881
-2.85872
-2.53614
-2.17654
-2.32638
-2.21913
-2.07839
-2.29589
-2.3314
-2.41354
-2.37858
-2.2313
-2.34533
-2.28296
-2.02676
-2.15635
-2.20952
-2.1643
-2.12701
-2.2499
-2.1845
-2.5665
-2.2436
-2.47409
-2.26429
-2.30855
-2.31036
-2.32516
-2.66616
-4.1658
-3.49828
-3.93295
-4.0006
-3.78082
-3.89594
-3.61666
-4.00154
-3.64876
-3.50672
-3.91858
-3.66836
-3.80114
-3.87021
-3.68958
-3.78882
-3.78011
-3.90308
-3.80729
-3.80264
-3.80866
-3.81955
-3.87054
-3.82656
-3.79519
-3.65456
-3.88114
-4.16415
-4.16595
-3.81686
-3.76564
-3.87242
-2.30808
-2.21698
-2.49667
-2.85871
-2.85953
-2.53169
-2.17914
-2.32866
-2.21538
-2.08026
-2.29329
-2.32792
-2.41183
-2.38208
-2.2355
-2.34911
-2.29049
-2.02262
-2.14922
-2.21041
-2.16089
-2.12663
-2.24259
-2.18293
-2.56757
-2.24634
-2.47371
-2.25794
-2.30865
-2.31376
-2.32715
-2.66496
-4.16945
-3.49998
-3.929
-4.0092
-3.78209
-3.89286
-3.62093
-3.99829
-3.64818
-3.50548
-3.91596
-3.67217
-3.79707
-3.87115
-3.6938
-3.79093
-3.77883
-3.90347
-3.81231
-3.80798
-3.81403
-3.81435
-3.87605
-3.82499
-3.7934
-3.65466
-3.87692
-4.16884
-4.16627
-3.8168
-3.76735
-3.87177
-2.31087
-2.21864
-2.49865
-2.86537
-2.86331
-2.53012
-2.17742
-2.32199
-2.21254
-2.0805
-2.2958
-2.33063
-2.40707
-2.3748
-2.22984
-2.34982
-2.28483
-2.02082
-2.15588
-2.21416
-2.16625
-2.12726
-2.25042
-2.18507
-2.57055
-2.24367
-2.47243
-2.2624
-2.31352
-2.30959
-2.31845
-2.66466
-4.17314
-3.50122
-3.93527
-4.00263
-3.78735
-3.89963
-3.61439
-3.99907
-3.6516
-3.50943
-3.91302
-3.67146
-3.79609
-3.86993
-3.68871
-3.79509
-3.77519
-3.90084
-3.80642
-3.8016
-3.81267
-3.81372
-3.87581
-3.82972
-3.79398
-3.65109
-3.87732
-4.1673
-4.16268
-3.81207
-3.76644
-3.87656
-2.31445
-2.22331
-2.49726
-2.86551
-2.86442
-2.528
-2.17499
-2.32926
-2.21174
-2.08002
-2.29741
-2.33211
-2.406
-2.37971
-2.23555
-2.34329
-2.28701
-2.01831
-2.15175
-2.21621
-2.16398
-2.12565
-2.24259
-2.18075
-2.57017
-2.24085
-2.47637
-2.26438
-2.30781
-2.31026
-2.32158
-2.66478
-4.16979
-3.501
-3.93009
-4.00534
-3.78138
-3.89513
-3.61575
-3.99931
-3.64826
-3.50521
-3.92119
-3.67317
-3.79509
-3.87798
-3.69306
-3.79431
-3.77848
-3.90512
-3.80763
-3.80986
-3.81034
-3.82028
-3.87101
-3.82398
-3.79438
-3.6483
-3.8787
-4.16252
-4.16909
-3.81326
-3.76569
-3.86996
-2.30745
-2.21742
-2.49652
-2.85975
-2.86602
-2.53141
-2.18211
-2.32295
-2.21596
-2.07776
-2.30035
-2.32653
-2.40912
-2.37762
-2.23573
-2.34805
-2.28575
-2.0181
-2.1487
-2.21336
-2.16152
-2.1268
-2.24342
-2.186
-2.56691
-2.2411
-2.47218
-2.26031
-2.30609
-2.31115
-2.3235
-2.66944
-4.16996
-3.50244
-3.93479
-4.00689
-3.78794
-3.8911
-3.61882
-3.9981
-3.65324
-3.5025
-3.91848
-3.66994
-3.79963
-3.86978
-3.69621
-3.79217
-3.77547
-3.90712
-3.80971
-3.80355
-3.81339
-3.81738
-3.86892
-3.82475
-3.78943
-3.64766
-3.87822
-4.16726
-4.16914
-3.81252
-3.7693
-3.87312
-2.30825
-2.22291
-2.49539
-2.85999
-2.85874
-2.5344
-2.17719
-2.32582
-2.2152
-2.08178
-2.2941
-2.32861
-2.41046
-2.37483
-2.22735
-2.35181
-2.28591
-2.02203
-2.15108
-2.21143
-2.16211
-2.12665
-2.24895
-2.18177
-2.56747
-2.24357
-2.47432
-2.26225
-2.30815
-2.30973
-2.31843
-2.66265
-4.16496
-3.49799
-3.93031
-4.00479
-3.78404
-3.89886
-3.6196
-3.99932
-3.65262
-3.50654
-3.92111
-3.66953
-3.79824
-3.87464
-3.69553
-3.79326
-3.77458
-3.90471
-3.80659
-3.80212
-3.80936
-3.81813
-3.87188
-3.82429
-3.79777
-3.65138
-3.87589
-4.16261
-4.16698
-3.81631
-3.76949
-3.87644
-2.31351
-2.22333
-2.50112
-2.8588
-2.86138
-2.52827
-2.17664
-2.32971
-2.21969
-2.07818
-2.29384
-2.33461
-2.41251
-2.37481
-2.22729
-2.34837
-2.28548
-2.02351
-2.14878
-2.20888
-2.16195
-2.1241
-2.24968
-2.18139
-2.56635
-2.24281
-2.4804
-2.26528
-2.31044
-2.31001
-2.3227
-2.67009
-4.1664
-3.50394
-3.92801
-4.00227
-3.78642
-3.89184
-3.61512
-3.9983
-3.64812
-3.50917
-3.91306
-3.66542
-3.79904
-3.87674
-3.69672
-3.79048
-3.77798
-3.90123
-3.81165
-3.80978
-3.81676
-3.81551
-3.87376
-3.82482
-3.79313
-3.6516
-3.8831
-4.17088
-4.16992
-3.81318
-3.76767
-3.87053
-2.30904
-2.21922
-2.49796
-2.86022
-2.86038
-2.53218
-2.17991
-2.32415
-2.21375
-2.0805
-2.29945
-2.33173
-2.41175
-2.38169
-2.2334
-2.35191
-2.29118
-2.02561
-2.15166
-2.20987
-2.15983
-2.12684
-2.24457
-2.18138
-2.56824
-2.24636
-2.4758
-2.25727
-2.3102
-2.3126
-2.32465
-2.66341
-4.16513
-3.50402
-3.93214
-4.002
-3.78503
-3.89554
-3.61895
-3.99681
-3.64796
-3.50571
-3.91364
-3.67363
-3.79813
-3.87454
-3.68907
-3.7968
-3.78045
-3.90256
-3.81182
-3.80786
-3.81627
-3.81836
-3.871
-3.83092
-3.7948
-3.65146
-3.87813
-4.16981
-4.16262
-3.81634
-3.76749
-3.87884
-2.31054
-2.2166
-2.49702
-2.86509
-2.85869
-2.53346
-2.17741
-2.32259
-2.21885
-2.07718
-2.29763
-2.33344
-2.40604
-2.3829
-2.22887
-2.34876
-2.28515
-2.02568
-2.14965
-2.21603
-2.162
-2.12647
-2.24292
-2.18665
-2.56504
-2.24339
-2.48067
-2.26262
-2.30824
-2.3072
-2.32693
-2.66525
-4.17141
-3.50367
-3.92831
-4.00052
-3.787
-3.8967
-3.61827
-4.00123
-3.65503
-3.509
-3.91667
-3.66909
-3.79605
-3.87809
-3.68937
-3.78924
-3.77803
-3.90678
-3.81338
-3.8016
-3.81247
-3.82207
-3.86985
-3.8256
-3.79431
-3.65273
-3.87764
-4.16981
-4.16355
-3.81463
-3.76877
-3.87025
-2.30865
-2.22058
-2.49867
-2.8601
-2.85935
-2.53231
-2.17748
-2.32843
-2.21479
-2.07322
-2.29235
-2.32744
-2.40809
-2.37487
-2.23479
-2.34949
-2.28654
-2.01818
-2.15324
-2.21534
-2.16571
-2.12759
-2.24415
-2.18524
-2.56888
-2.24071
-2.47879
-2.25879
-2.30615
-2.31225
-2.3185
-2.6647
-4.16795
-3.50412
-3.9338
-4.00379
-3.78526
-3.89882
-3.61597
-4.00127
-3.65442
-3.50773
-3.91523
-3.67002
-3.79716
-3.87106
-3.69476
-3.7911
-3.78016
-3.90482
-3.81264
-3.80655
-3.80929
-3.82179
-3.87564
-3.82679
-3.79642
-3.65483
-3.87855
-4.16766
-4.16561
-3.81486
-3.76455
-3.87713
-2.31542
-2.21859
-2.49969
-2.86405
-2.85982
-2.53226
-2.18105
-2.32456
-2.21382
-2.07625
-2.30082
-2.33342
-2.40831
-2.37792
-2.23485
-2.34938
-2.28453
-2.01836
-2.1564
-2.21067
-2.1653
-2.12383
-2.24516
-2.18466
-2.57269
-2.2398
-2.48047
-2.25765
-2.30747
-2.31047
-2.32306
-2.66729
-4.1644
-3.50279
-3.92691
-4.00238
-3.78732
-3.89769
-3.61384
-4.00092
-3.64856
-3.50912
-3.91555
-3.66646
-3.80172
-3.87256
-3.6894
-3.79035
-3.77498
-3.90463
-3.80873
-3.80516
-3.81524
-3.81952
-3.874
-3.82639
-3.79122
-3.65104
-3.8791
-4.17019
-4.16549
-3.81727
-3.76414
-3.87308
-2.31592
-2.21878
-2.50071
-2.86406
-2.86028
-2.53494
-2.17932
-2.32324
-2.21487
-2.0735
-2.29608
-2.32592
-2.40984
-2.38364
-2.2295
-2.34439
-2.28724
-2.01861
-2.14977
-2.21004
-2.16531
-2.12578
-2.24372
-2.1867
-2.57107
-2.2457
-2.47278
-2.25966
-2.31016
-2.31302
-2.32247
-2.66491
-4.17285
-3.50218
-3.93312
-4.00423
-3.78795
-3.89335
-3.6147
-3.99671
-3.6529
-3.50524
-3.914
-3.66982
-3.79886
-3.87397
-3.68924
-3.79448
-3.77612
-3.90551
-3.80663
-3.80319
-3.81268
-3.81543
-3.87511
-3.82313
-3.79386
-3.6539
-3.88244
-4.16886
-4.16928
-3.80974
-3.76535
-3.87632
-2.31175
-2.22177
-2.49971
-2.86215
-2.86602
-2.53345
-2.17778
-2.33011
-2.2143
-2.07686
-2.29484
-2.3296
-2.40487
-2.38067
-2.23354
-2.34678
-2.28448
-2.02535
-2.15591
-2.21468
-2.16699
-2.12456
-2.24604
-2.17965
-2.56499
-2.24695
-2.47197
-2.25763
-2.31134
-2.30962
-2.32063
-2.66597
-4.16916
-3.50052
-3.93301
-4.00732
-3.78538
-3.89277
-3.61855
-4.00068
-3.64779
-3.50383
-3.91547
-3.67261
-3.80179
-3.87515
-3.69233
-3.79626
-3.78254
-3.90134
-3.81287
-3.80856
-3.81336
-3.815
-3.87264
-3.82547
-3.79712
-3.65103
-3.87533
-4.16268
-4.16565
-3.81217
-3.76444
-3.87861
-2.31517
-2.22141
-2.4951
-2.8628
-2.86294
-2.53362
-2.17464
-2.32625
-2.21775
-2.07338
-2.29756
-2.32854
-2.41018
-2.38294
-2.23199
-2.34748
-2.28628
-2.02481
-2.14843
-2.20743
-2.16542
-2.12338
-2.24756
-2.18117
-2.56934
-2.24451
-2.48092
-2.26475
-2.31333
-2.31089
-2.32416
-2.66401
-4.16432
-3.50588
-3.93179
-4.00724
-3.78584
-3.89217
-3.61998
-4.00211
-3.64747
-3.50634
-3.914
-3.66567
-3.79801
-3.87293
-3.69485
-3.79311
-3.77841
-3.9027
-3.80569
-3.80401
-3.80867
-3.82006
-3.87356
-3.82427
-3.79258
-3.64939
-3.8744
-4.1629
-4.16454
-3.80956
-3.76571
-3.87327
-2.31531
-2.21556
-2.50103
-2.86378
-2.86026
-2.53675
-2.17941
-2.32322
-2.21491
-2.08161
-2.2975
-2.3305
-2.40956
-2.37572
-2.23564
-2.34392
-2.28465
-2.02384
-2.15357
-2.20779
-2.15906
-2.1226
-2.24282
-2.18557
-2.5685
-2.24578
-2.47226
-2.25791
-2.31297
-2.30648
-2.31995
-2.66481
-4.16615
-3.50506
-3.92727
-4.00344
-3.78709
-3.89848
-3.61668
-3.99703
-3.6546
-3.50881
-3.91772
-3.67004
-3.79463
-3.8714
-3.69266
-3.79232
-3.7829
-3.90635
-3.80832
-3.81003
-3.81203
-3.81456
-3.87709
-3.829
-3.79432
-3.65263
-3.8808
-4.16659
-4.16348
-3.81483
-3.77108
-3.87112
-2.31152
-2.21492
-2.49893
-2.86755
-2.86577
-2.53456
-2.17931
-2.3278
-2.216
-2.07833
-2.29779
-2.32757
-2.40826
-2.38265
-2.23544
-2.34544
-2.28473
-2.02093
-2.15172
-2.21598
-2.16282
-2.12525
-2.24954
-2.18232
-2.57217
-2.24109
-2.47766
-2.25917
-2.30784
-2.31242
-2.32178
-2.66497
-4.16486
-3.50362
-3.93481
-4.00868
-3.78432
-3.89805
-3.61703
-3.99852
-3.64743
-3.5083
-3.91352
-3.66583
-3.79749
-3.87142
-3.69317
-3.79422
-3.78283
-3.90511
-3.80974
-3.80307
-3.81285
-3.81877
-3.87147
-3.82963
-3.78959
-3.64849
-3.87907
-4.16656
-4.16851
-3.81522
-3.76695
-3.87617
-2.30833
-2.21643
-2.50059
-2.86656
-2.85942
-2.53664
-2.17668
-2.32697
-2.21319
-2.07716
-2.29404
-2.33111
-2.41267
-2.38368
-2.2294
-2.35096
-2.29084
-2.02063
-2.15016
-2.21022
-2.16151
-2.1251
-2.24926
-2.1822
-2.56689
-2.24524
-2.48058
-2.26165
-2.30693
-2.31245
-2.32174
-2.67052
-4.1717
-3.50475
-3.9312
-4.00884
-3.78187
-3.89278
-3.61869
-3.99616
-3.65234
-3.50768
-3.91861
-3.668
-3.799
-3.8732
-3.69624
-3.79725
-3.77912
-3.90167
-3.81043
-3.80289
-3.80947
-3.8169
-3.87217
-3.83076
-3.78948
-3.64906
-3.87698
-4.16329
-4.16799
-3.8181
-3.77065
-3.87626
-2.30941
-2.22321
-2.50152
-2.86061
-2.86631
-2.53566
-2.18083
-2.32441
-2.21678
-2.07738
-2.29847
-2.33437
-2.41128
-2.37771
-2.23046
-2.35112
-2.28937
-2.01847
-2.15249
-2.20948
-2.16623
-2.12268
-2.25003
-2.18387
-2.56725
-2.24054
-2.47969
-2.25879
-2.30944
-2.31244
-2.31863
-2.66326
-4.16676
-3.49869
-3.93294
-4.00783
-3.78481
-3.89468
-3.6207
-3.99519
-3.64733
-3.50154
-3.91886
-3.67402
-3.79449
-3.87609
-3.69536
-3.78871
-3.78243
-3.90027
-3.80604
-3.80628
-3.81243
-3.81581
-3.87075
-3.82583
-3.79761
-3.64932
-3.87514
-4.16861
-4.16788
-3.81756
-3.76352
-3.8703
-2.31331
-2.21655
-2.49618
-2.86313
-2.85874
-2.52852
-2.17507
-2.32578
-2.21671
-2.08038
-2.2947
-2.32991
-2.40529
-2.37801
-2.22723
-2.34609
-2.28753
-2.02088
-2.15356
-2.21186
-2.15915
-2.12744
-2.24776
-2.18386
-2.56484
-2.24311
-2.47925
-2.26106
-2.31368
-2.30795
-2.3246
-2.6652
-4.17267
-3.50034
-3.92815
-4.00787
-3.78159
-3.89081
-3.62129
-3.99522
-3.65506
-3.50529
-3.91398
-3.6662
-3.79894
-3.87261
-3.69104
-3.79348
-3.7826
-3.90318
-3.8098
-3.80968
-3.80804
-3.81763
-3.87377
-3.82863
-3.79013
-3.64966
-3.87607
-4.16259
-4.16643
-3.81043
-3.76585
-3.87609
-2.31102
-2.22079
-2.49566
-2.86649
-2.8651
-2.53304
-2.1778
-2.32509
-2.21304
-2.07323
-2.30004
-2.32989
-2.41028
-2.37525
-2.22872
-2.34409
-2.2878
-2.02353
-2.15105
-2.21297
-2.16531
-2.12728
-2.24596
-2.18114
-2.56998
-2.24093
-2.47298
-2.26511
-2.30691
-2.31106
-2.32614
-2.66518
-4.17049
-3.50628
-3.93236
-4.0007
-3.78525
-3.89337
-3.61325
-4.00091
-3.64799
-3.50358
-3.92109
-3.66709
-3.7988
-3.87339
-3.69314
-3.78964
-3.78247
-3.9063
-3.80993
-3.80829
-3.81003
-3.81505
-3.86853
-3.82567
-3.79741
-3.65185
-3.88268
-4.16913
-4.16444
-3.81622
-3.7704
-3.87873
-2.31615
-2.21601
-2.50122
-2.86113
-2.85985
-2.52858
-2.18259
-2.32698
-2.21708
-2.07531
-2.30102
-2.33181
-2.40958
-2.38186
-2.22716
-2.34717
-2.28651
-2.01996
-2.15114
-2.21385
-2.16632
-2.12293
-2.24515
-2.18324
-2.56941
-2.24718
-2.47651
-2.26207
-2.30784
-2.31025
-2.32569
-2.66748
-4.17056
-3.49882
-3.92985
-4.00812
-3.78265
-3.89289
-3.6175
-3.99918
-3.64978
-3.50929
-3.9204
-3.67247
-3.79543
-3.87713
-3.69489
-3.79045
-3.77883
-3.9014
-3.81034
-3.80921
-3.81555
-3.81798
-3.86836
-3.82904
-3.794
-3.65181
-3.88219
-4.17085
-4.17009
-3.81296
-3.7664
-3.87423
-2.31431
-2.2188
-2.50084
-2.86579
-2.86292
-2.53126
-2.17478
-2.32636
-2.21704
-2.07549
-2.29585
-2.32773
-2.40716
-2.38073
-2.23005
-2.34784
-2.28846
-2.01824
-2.15075
-2.2124
-2.15931
-2.12204
-2.24584
-2.1807
-2.5657
-2.23961
-2.47926
-2.26035
-2.30501
-2.30507
-2.32275
-2.66379
-4.16605
-3.50299
-3.92768
-4.00738
-3.7871
-3.89223
-3.61584
-3.99657
-3.65297
-3.50204
-3.92015
-3.67401
-3.79373
-3.87763
-3.69307
-3.79664
-3.77586
-3.90627
-3.81052
-3.80171
-3.81372
-3.8198
-3.87531
-3.82732
-3.79542
-3.65401
-3.87466
-4.16786
-4.16478
-3.81246
-3.7686
-3.8766
-2.31449
-2.21634
-2.49605
-2.86588
-2.86216
-2.52823
-2.18103
-2.32678
-2.21744
-2.07395
-2.29819
-2.32858
-2.41241
-2.38143
-2.22946
-2.34849
-2.28495
-2.02029
-2.15366
-2.2158
-2.16628
-2.12256
-2.24215
-2.18649
-2.57029
-2.24749
-2.48064
-2.25698
-2.31339
-2.31222
-2.32459
-2.66596
-4.16592
-3.5018
-3.93252
-4.0086
-3.7811
-3.89422
-3.61636
-4.00225
-3.65136
-3.5057
-3.91373
-3.67384
-3.798
-3.87833
-3.69493
-3.79241
-3.7804
-3.90729
-3.8109
-3.8043
-3.81185
-3.81502
-3.87648
-3.82965
-3.79731
-3.65152
-3.87966
-4.16954
-4.16324
-3.81076
-3.76597
-3.86986
-2.31536
-2.21818
-2.4969
-2.8615
-2.85982
-2.53678
-2.18238
-2.32858
-2.21207
-2.08086
-2.29926
-2.32806
-2.40808
-2.3833
-2.22978
-2.34491
-2.28252
-2.02274
-2.15109
-2.21267
-2.16193
-2.12956
-2.24785
-2.18257
-2.5685
-2.2456
-2.47261
-2.25634
-2.30827
-2.30572
-2.32481
-2.66406
-4.17311
-3.5025
-3.93315
-4.00364
-3.78511
-3.89269
-3.61672
-3.99956
-3.65111
-3.50827
-3.91508
-3.67004
-3.79672
-3.87611
-3.6879
-3.79116
-3.77861
-3.90324
-3.80564
-3.80863
-3.81011
-3.81736
-3.87366
-3.82886
-3.79652
-3.64923
-3.87812
-4.16396
-4.16586
-3.81317
-3.77081
-3.87284
-2.31527
-2.22233
-2.49679
-2.85969
-2.86458
-2.5352
-2.1771
-2.32673
-2.22001
-2.07497
-2.29694
-2.32721
-2.40937
-2.3837
-2.22796
-2.3467
-2.286
-2.02644
-2.15566
-2.20846
-2.15977
-2.12818
-2.24654
-2.18775
-2.56944
-2.24686
-2.48008
-2.26213
-2.30818
-2.3102
-2.32264
-2.66764
-4.16735
-3.49947
-3.9304
-4.007
-3.7829
-3.89175
-3.61492
-3.99675
-3.65563
-3.50421
-3.91686
-3.66933
-3.79563
-3.87723
-3.68812
-3.79349
-3.77453
-3.90691
-3.81078
-3.80698
-3.81303
-3.81665
-3.87131
-3.82632
-3.79276
-3.6482
-3.88216
-4.16242
-4.16308
-3.81603
-3.76412
-3.87615
-2.31312
-2.21548
-2.49781
-2.85881
-2.85862
-2.53256
-2.18039
-2.32398
-2.21232
-2.07403
-2.29964
-2.33142
-2.40661
-2.3825
-2.23194
-2.34867
-2.28547
-2.02632
-2.1494
-2.21615
-2.15914
-2.1263
-2.24508
-2.18662
-2.57036
-2.24789
-2.47513
-2.26024
-2.30495
-2.31301
-2.32643
-2.66611
-4.17114
-3.49937
-3.93541
-4.00561
-3.78258
-3.89669
-3.62052
-3.99906
-3.65055
-3.50623
-3.92117
-3.67247
-3.79705
-3.8725
-3.69357
-3.79301
-3.77534
-3.90054
-3.813
-3.80774
-3.80968
-3.82087
-3.8723
-3.82828
-3.79186
-3.65419
-3.87973
-4.16477
-4.16859
-3.81585
-3.77224
-3.87387
-2.30774
-2.21591
-2.4977
-2.86336
-2.86189
-2.53186
-2.18098
-2.32318
-2.21811
-2.08121
-2.29268
-2.32953
-2.41258
-2.38154
-2.22909
-2.34992
-2.2903
-2.02454
-2.15688
-2.21076
-2.16373
-2.12582
-2.24665
-2.18151
-2.56939
-2.2442
-2.47204
-2.25941
-2.31045
-2.31346
-2.3189
-2.66727
-4.17048
-3.50619
-3.93198
-4.00421
-3.78838
-3.89384
-3.61415
-4.00133
-3.6514
-3.50211
-3.92118
-3.66845
-3.79596
-3.87361
-3.69455
-3.78929
-3.78122
-3.90651
-3.81108
-3.80286
-3.81593
-3.81658
-3.8725
-3.8243
-3.79141
-3.65129
-3.88176
-4.16223
-4.16872
-3.81628
-3.76743
-3.87638
-2.31174
-2.21652
-2.49389
-2.8675
-2.86343
-2.52927
-2.17639
-2.3265
-2.21714
-2.07412
-2.30099
-2.32759
-2.41108
-2.38275
-2.22778
-2.34689
-2.28632
-2.01959
-2.15195
-2.20939
-2.16349
-2.12611
-2.24483
-2.18405
-2.56682
-2.24728
-2.47407
-2.25851
-2.30959
-2.30699
-2.32516
-2.66783
-4.16576
-3.50173
-3.93578
-4.00089
-3.78465
-3.8975
-3.6148
-4.00139
-3.64711
-3.50623
-3.91852
-3.67297
-3.79575
-3.87189
-3.69537
-3.78913
-3.78305
-3.90289
-3.80749
-3.80938
-3.81566
-3.81898
-3.8699
-3.82742
-3.79762
-3.65294
-3.87541
-4.16447
-4.16596
-3.8123
-3.76771
-3.87869
-2.31176
-2.21481
-2.50061
-2.86199
-2.86325
-2.53211
-2.17399
-2.3263
-2.21799
-2.07759
-2.2951
-2.32841
-2.41003
-2.37525
-2.23448
-2.34736
-2.29076
-2.02577
-2.1493
-2.21401
-2.16026
-2.12883
-2.2479
-2.18294
-2.56648
-2.24671
-2.48023
-2.26509
-2.31325
-2.3136
-2.32271
-2.66944
-4.16837
-3.50199
-3.9299
-4.00809
-3.784
-3.89373
-3.61761
-3.99628
-3.65017
-3.50699
-3.91649
-3.67058
-3.79623
-3.87266
-3.68828
-3.7915
-3.77439
-3.9066
-3.80595
-3.80828
-3.81579
-3.81916
-3.87594
-3.82335
-3.79631
-3.65167
-3.87417
-4.16925
-4.16361
-3.81466
-3.7722
-3.87132
-2.30884
-2.21668
-2.49398
-2.86709
-2.86512
-2.52884
-2.17643
-2.32262
-2.213
-2.08068
-2.29577
-2.32645
-2.41056
-2.37957
-2.22847
-2.3473
-2.28652
-2.02431
-2.15392
-2.21017
-2.1616
-2.12956
-2.24824
-2.18793
-2.57036
-2.24745
-2.48034
-2.26421
-2.30753
-2.30858
-2.321
-2.66558
-4.17005
-3.50173
-3.92745
-4.00703
-3.7821
-3.8965
-3.61403
-4.00055
-3.64932
-3.5049
-3.91464
-3.66708
-3.80009
-3.87533
-3.69079
-3.79282
-3.7784
-3.90226
-3.8137
-3.80411
-3.81103
-3.8179
-3.87234
-3.82311
-3.79178
-3.64919
-3.87485
-4.16407
-4.16921
-3.81188
-3.76641
-3.87308
-2.30986
-2.22075
-2.4951
-2.86264
-2.86118
-2.53197
-2.17568
-2.32903
-2.21663
-2.08021
-2.30081
-2.3304
-2.41153
-2.38336
-2.22873
-2.34366
-2.28629
-2.0267
-2.15331
-2.21209
-2.16023
-2.12371
-2.24648
-2.18227
-2.57051
-2.24543
-2.47453
-2.25637
-2.30751
-2.30502
-2.32112
-2.66607
-4.16893
-3.50387
-3.93358
-4.00184
-3.78264
-3.89595
-3.61444
-4.0005
-3.65565
-3.50611
-3.91362
-3.67064
-3.79672
-3.87571
-3.69417
-3.79085
-3.7799
-3.9054
-3.80933
-3.80185
-3.81516
-3.81697
-3.87674
-3.83061
-3.796
-3.65432
-3.87463
-4.1647
-4.16926
-3.817
-3.77193
-3.87299
-2.31161
-2.2175
-2.49826
-2.86615
-2.8604
-2.53101
-2.18111
-2.32326
-2.21385
-2.07709
-2.29366
-2.32778
-2.41103
-2.37582
-2.22791
-2.34719
-2.29092
-2.02521
-2.15031
-2.21227
-2.15976
-2.12234
-2.24294
-2.18704
-2.57032
-2.2412
-2.47338
-2.26321
-2.30488
-2.30767
-2.3266
-2.664
-4.16639
-3.50571
-3.93275
-4.00437
-3.78339
-3.8913
-3.61769
-4.00105
-3.64889
-3.50091
-3.91532
-3.67125
-3.79945
-3.87461
-3.69264
-3.79562
-3.78095
-3.90539
-3.80948
-3.80553
-3.8082
-3.81675
-3.87454
-3.83099
-3.79262
-3.65348
-3.88032
-4.1623
-4.16779
-3.81471
-3.76811
-3.87794
-2.3142
-2.21937
-2.49574
-2.86543
-2.85935
-2.53555
-2.18238
-2.32893
-2.21842
-2.0747
-2.29836
-2.32785
-2.41106
-2.37488
-2.23132
-2.34349
-2.28849
-2.02418
-2.15282
-2.20876
-2.16621
-2.12403
-2.24906
-2.18616
-2.56528
-2.24287
-2.47196
-2.26256
-2.31039
-2.30849
-2.31977
-2.66662
-4.17194
-3.50558
-3.93503
-4.00908
-3.78492
-3.89123
-3.61494
-3.99813
-3.65406
-3.50621
-3.91484
-3.66676
-3.79517
-3.87486
-3.69597
-3.79594
-3.77755
-3.90648
-3.80958
-3.80124
-3.81379
-3.81854
-3.87336
-3.82978
-3.79036
-3.64878
-3.88232
-4.16639
-4.16559
-3.81397
-3.76413
-3.87522
-2.3114
-2.21827
-2.49634
-2.86365
-2.86407
-2.53252
-2.17812
-2.32476
-2.22039
-2.08008
-2.29942
-2.33006
-2.40979
-2.37689
-2.23459
-2.34395
-2.29022
-2.01825
-2.15092
-2.2103
-2.16611
-2.12616
-2.24777
-2.18799
-2.56832
-2.24135
-2.47501
-2.26064
-2.30849
-2.31185
-2.31924
-2.66795
-4.16538
-3.49957
-3.92845
-4.00797
-3.78312
-3.89908
-3.61532
-3.99845
-3.64706
-3.50347
-3.91941
-3.67352
-3.79544
-3.86963
-3.69456
-3.79018
-3.77712
-3.90435
-3.81009
-3.8036
-3.8169
-3.81935
-3.8722
-3.83126
-3.7963
-3.64696
-3.87698
-4.16821
-4.16704
-3.81168
-3.7671
-3.87745
-2.31341
-2.22349
-2.49384
-2.85924
-2.86233
-2.53636
-2.17676
-2.32287
-2.21447
-2.07785
-2.29565
-2.33338
-2.40861
-2.3779
-2.23087
-2.34399
-2.28286
-2.02318
-2.15724
-2.21126
-2.16151
-2.12475
-2.24436
-2.18254
-2.57078
-2.24195
-2.47235
-2.26404
-2.30513
-2.31249
-2.32443
-2.66884
-4.16887
-3.49749
-3.93546
-4.00618
-3.78077
-3.89812
-3.61603
-3.99583
-3.65476
-3.50661
-3.91748
-3.67351
-3.79767
-3.87094
-3.69607
-3.79626
-3.7768
-3.90333
-3.81147
-3.80553
-3.81626
-3.82082
-3.87598
-3.83176
-3.7925
-3.65029
-3.87479
-4.16421
-4.16905
-3.81208
-3.7651
-3.87808
-2.31514
-2.22062
-2.49622
-2.85933
-2.86706
-2.53066
-2.17829
-2.32548
-2.21256
-2.07805
-2.29539
-2.33142
-2.4128
-2.38205
-2.23117
-2.34808
-2.28264
-2.02323
-2.15429
-2.21115
-2.16249
-2.12292
-2.24915
-2.18
-2.57041
-2.24071
-2.48049
-2.26257
-2.30945
-2.30724
-2.322
-2.66361
-4.16785
-3.49742
-3.93186
-4.00198
-3.78444
-3.89706
-3.61393
-3.99772
-3.64954
-3.50299
-3.9157
-3.66548
-3.79499
-3.87471
-3.68882
-3.78894
-3.77966
-3.90099
-3.81197
-3.80558
-3.8154
-3.82057
-3.86947
-3.82985
-3.78915
-3.64614
-3.87802
-4.16707
-4.16744
-3.81352
-3.76519
-3.86999
-2.31615
-2.2228
-2.50149
-2.86491
-2.86214
-2.53325
-2.17907
-2.32187
-2.21599
-2.08036
-2.29577
-2.32943
-2.40755
-2.38369
-2.22853
-2.34463
-2.28271
-2.02299
-2.1485
-2.21602
-2.16025
-2.1247
-2.24839
-2.18067
-2.5716
-2.2455
-2.475
-2.25982
-2.30554
-2.31311
-2.32051
-2.66975
-4.169
-3.49999
-3.93023
-4.00263
-3.78584
-3.89571
-3.62137
-4.0017
-3.65176
-3.50344
-3.9206
-3.66823
-3.8005
-3.87672
-3.69229
-3.7924
-3.77592
-3.90301
-3.807
-3.80183
-3.8085
-3.81662
-3.87643
-3.8288
-3.79726
-3.64988
-3.877
-4.17095
-4.1703
-3.8097
-3.77067
-3.87285
-2.31361
-2.22034
-2.49974
-2.85982
-2.86588
-2.52958
-2.17992
-2.32747
-2.21589
-2.08101
-2.30059
-2.33451
-2.40893
-2.37665
-2.23166
-2.34621
-2.28815
-2.01937
-2.14923
-2.21603
-2.16455
-2.12985
-2.24879
-2.181
-2.56821
-2.24497
-2.47624
-2.25779
-2.30747
-2.30555
-2.31852
-2.6626
-4.1699
-3.50352
-3.93274
-4.00577
-3.78301
-3.89134
-3.61688
-4.0032
-3.64951
-3.50252
-3.91943
-3.67059
-3.79388
-3.8777
-3.69379
-3.7945
-3.78219
-3.90638
-3.81141
-3.80622
-3.81027
-3.82127
-3.86879
-3.82845
-3.78944
-3.65004
-3.88061
-4.16582
-4.16562
-3.8169
-3.7682
-3.87396
-2.31254
-2.22176
-2.49515
-2.86664
-2.86366
-2.5348
-2.18137
-2.32321
-2.21405
-2.07976
-2.29976
-2.32705
-2.41073
-2.38145
-2.23141
-2.34326
-2.28462
-2.02315
-2.14905
-2.21287
-2.15946
-2.12787
-2.2493
-2.18291
-2.56759
-2.24141
-2.4737
-2.26435
-2.30734
-2.30947
-2.32697
-2.66679
-4.17117
-3.50363
-3.92692
-4.00291
-3.78379
-3.89092
-3.61352
-3.9969
-3.64886
-3.50624
-3.91551
-3.67154
-3.80163
-3.8771
-3.69334
-3.79104
-3.77656
-3.90775
-3.80697
-3.80279
-3.81268
-3.82087
-3.86954
-3.82467
-3.79676
-3.65294
-3.87979
-4.16802
-4.16731
-3.81354
-3.76986
-3.8719
-2.3156
-2.21777
-2.49495
-2.8667
-2.86163
-2.53027
-2.17963
-2.32424
-2.2174
-2.08129
-2.2964
-2.32789
-2.40843
-2.38073
-2.22861
-2.3518
-2.28866
-2.01928
-2.14989
-2.21513
-2.16307
-2.1292
-2.25036
-2.18796
-2.56645
-2.24505
-2.47355
-2.25735
-2.31215
-2.31386
-2.31841
-2.66174
-5.74712
-4.80595
-5.20957
-5.35112
-5.13818
-5.22532
-4.94876
-5.60635
-4.91318
-4.8756
-5.27587
-5.01168
-5.02013
-5.15986
-4.91888
-5.11548
-5.21326
-5.25228
-5.44916
-5.49635
-5.48223
-5.33392
-5.17162
-5.27089
-5.22394
-5.04482
-5.55464
-6.26512
-6.26189
-5.40068
-5.1435
-5.11385
-6.54328
-6.35371
-6.77077
-7.56282
-7.56595
-6.87834
-6.33618
-6.45456
-6.46601
-6.35795
-6.59636
-6.59344
-6.8351
-6.6508
-6.42502
-6.45236
-6.34753
-6.18201
-6.45761
-6.3292
-6.3591
-6.41037
-6.19132
-6.06927
-6.9291
-6.30527
-6.59842
-6.55656
-6.58309
-6.49825
-6.06007
-7.1592
-5.74592
-4.80852
-5.20855
-5.35104
-5.14066
-5.21958
-4.94754
-5.60636
-4.91136
-4.87954
-5.28182
-5.01323
-5.01719
-5.15419
-4.91997
-5.11949
-5.22184
-5.25049
-5.45497
-5.49343
-5.48394
-5.33735
-5.16896
-5.27137
-5.22481
-5.04794
-5.55957
-6.25878
-6.25795
-5.40153
-5.14569
-5.11295
-6.54387
-6.35894
-6.77363
-7.55823
-7.55967
-6.8772
-6.33642
-6.45455
-6.46153
-6.3551
-6.59493
-6.58703
-6.83173
-6.6526
-6.42239
-6.45292
-6.35086
-6.17952
-6.45698
-6.33033
-6.36354
-6.4105
-6.19132
-6.06893
-6.93079
-6.30926
-6.60156
-6.55733
-6.58554
-6.49738
-6.05721
-7.16294
-5.74471
-4.80871
-5.20362
-5.35594
-5.14319
-5.2194
-4.9455
-5.60442
-4.91149
-4.87713
-5.28117
-5.01502
-5.02241
-5.15633
-4.9235
-5.12265
-5.21386
-5.25616
-5.45479
-5.49616
-5.48116
-5.33427
-5.16935
-5.26711
-5.22394
-5.04872
-5.55276
-6.26033
-6.2619
-5.40056
-5.14008
-5.11353
-6.54293
-6.35319
-6.77536
-7.56434
-7.56245
-6.87807
-6.33588
-6.45566
-6.46276
-6.354
-6.59507
-6.58584
-6.8283
-6.6454
-6.42273
-6.45391
-6.3513
-6.18101
-6.45378
-6.32795
-6.36377
-6.40871
-6.19284
-6.06669
-6.93012
-6.31109
-6.5983
-6.55199
-6.58653
-6.5015
-6.06077
-7.16267
-5.74928
-4.80794
-5.21048
-5.34845
-5.14308
-5.22546
-4.94821
-5.60893
-4.91941
-4.87549
-5.27836
-5.0179
-5.02294
-5.15853
-4.91686
-5.12066
-5.22156
-5.25356
-5.45298
-5.49957
-5.48368
-5.33224
-5.17024
-5.27457
-5.22385
-5.04471
-5.55512
-6.25733
-6.25796
-5.40179
-5.13892
-5.11742
-6.55058
-6.35136
-6.77291
-7.56295
-7.56553
-6.87734
-6.33259
-6.45983
-6.46431
-6.35733
-6.59711
-6.58734
-6.83162
-6.64778
-6.42872
-6.45066
-6.34592
-6.17944
-6.45525
-6.33043
-6.36279
-6.41596
-6.19312
-6.0728
-6.92492
-6.30443
-6.60303
-6.55621
-6.58838
-6.49962
-6.0619
-7.16537
-5.74307
-4.80667
-5.20469
-5.35111
-5.14384
-5.21984
-4.9484
-5.6073
-4.91957
-4.87809
-5.28105
-5.0172
-5.02309
-5.155
-4.91596
-5.11996
-5.22008
-5.25079
-5.45023
-5.49641
-5.48024
-5.33614
-5.16647
-5.27105
-5.22667
-5.04788
-5.55726
-6.26022
-6.26023
-5.39852
-5.14423
-5.1162
-6.54552
-6.35455
-6.77145
-7.56099
-7.56089
-6.88456
-6.33372
-6.46297
-6.46284
-6.3568
-6.58983
-6.59379
-6.83268
-6.64708
-6.42151
-6.45345
-6.34666
-6.17711
-6.45906
-6.32767
-6.35705
-6.41217
-6.19724
-6.06971
-6.92911
-6.3112
-6.5979
-6.55627
-6.58595
-6.4938
-6.05965
-7.16592
-5.74884
-4.81162
-5.20561
-5.35551
-5.13773
-5.22188
-4.94754
-5.60581
-4.91244
-4.87585
-5.28279
-5.01563
-5.02492
-5.15559
-4.92427
-5.11634
-5.21959
-5.25552
-5.45076
-5.49753
-5.48186
-5.33639
-5.17506
-5.27225
-5.22698
-5.05193
-5.55899
-6.25664
-6.25759
-5.39888
-5.13793
-5.11238
-6.55077
-6.35857
-6.77797
-7.56307
-7.56289
-6.8781
-6.33372
-6.46166
-6.461
-6.35503
-6.59566
-6.58991
-6.83388
-6.65331
-6.42461
-6.45008
-6.35145
-6.18434
-6.45627
-6.32606
-6.3619
-6.41545
-6.19662
-6.07293
-6.92579
-6.3049
-6.60159
-6.55829
-6.57967
-6.50026
-6.05709
-7.16205
-5.74468
-4.80723
-5.20996
-5.35436
-5.14514
-5.21987
-4.94368
-5.60492
-4.91874
-4.88022
-5.28294
-5.01745
-5.02354
-5.15981
-4.92364
-5.12018
-5.21809
-5.25361
-5.45315
-5.49364
-5.48557
-5.33633
-5.16685
-5.27389
-5.22615
-5.04702
-5.55264
-6.26296
-6.26352
-5.40201
-5.13895
-5.1174
-6.54729
-6.35831
-6.77332
-7.5668
-7.56194
-6.87658
-6.33353
-6.45739
-6.46614
-6.35764
-6.59803
-6.58798
-6.83055
-6.64734
-6.42525
-6.45694
-6.3468
-6.17976
-6.46029
-6.3262
-6.3564
-6.40899
-6.19668
-6.07199
-6.92737
-6.3038
-6.60294
-6.55841
-6.58713
-6.49386
-6.05609
-7.1586
-5.74602
-4.80847
-5.20975
-5.35521
-5.14406
-5.22412
-4.94075
-5.61096
-4.91502
-4.87991
-5.27511
-5.01552
-5.0247
-5.15373
-4.91786
-5.11948
-5.21402
-5.25103
-5.44776
-5.49484
-5.48575
-5.3359
-5.17323
-5.27432
-5.23017
-5.04736
-5.55903
-6.25749
-6.25951
-5.3982
-5.13778
-5.11762
-6.54321
-6.35713
-6.77157
-7.56176
-7.56161
-6.88153
-6.33531
-6.45894
-6.46707
-6.3543
-6.59042
-6.58686
-6.83178
-6.64746
-6.42834
-6.45122
-6.3515
-6.18449
-6.45794
-6.32841
-6.35625
-6.41346
-6.1954
-6.0689
-6.92551
-6.30627
-6.59704
-6.55435
-6.58467
-6.49744
-6.06146
-7.15864
-5.75059
-4.81105
-5.20599
-5.35146
-5.1453
-5.21973
-4.94898
-5.60407
-4.91184
-4.87496
-5.28117
-5.01796
-5.0235
-5.15875
-4.92313
-5.12007
-5.21685
-5.25199
-5.44721
-5.49396
-5.48334
-5.33855
-5.17043
-5.27088
-5.23196
-5.04971
-5.55861
-6.26199
-6.25969
-5.40189
-5.14381
-5.11583
-6.55037
-6.35134
-6.77685
-7.56276
-7.5618
-6.87916
-6.34028
-6.45542
-6.46711
-6.35603
-6.58903
-6.58745
-6.82631
-6.649
-6.42529
-6.45352
-6.34884
-6.17988
-6.45689
-6.32907
-6.36401
-6.41138
-6.19748
-6.06968
-6.93093
-6.3093
-6.60364
-6.55911
-6.58642
-6.49822
-6.05366
-7.16535
-5.74354
-4.81198
-5.21064
-5.35462
-5.13923
-5.21932
-4.94873
-5.60857
-4.91287
-4.87606
-5.27794
-5.01529
-5.02299
-5.15295
-4.91719
-5.12213
-5.21595
-5.25073
-5.44878
-5.49614
-5.48294
-5.33683
-5.17235
-5.26919
-5.22583
-5.04672
-5.55877
-6.26232
-6.25867
-5.4013
-5.14224
-5.11228
-6.54272
-6.35336
-6.77194
-7.56671
-7.56215
-6.88238
-6.33723
-6.45485
-6.46683
-6.35809
-6.59495
-6.5931
-6.83074
-6.65156
-6.42537
-6.45069
-6.3449
-6.17706
-6.45246
-6.33184
-6.35554
-6.41633
-6.19357
-6.07455
-6.93014
-6.30656
-6.60335
-6.55578
-6.58637
-6.49387
-6.05694
-7.16063
-5.75002
-4.81154
-5.20446
-5.35084
-5.14011
-5.22599
-4.94244
-5.60702
-4.91411
-4.87344
-5.28175
-5.01024
-5.02375
-5.15163
-4.91783
-5.11731
-5.21344
-5.2504
-5.45523
-5.49496
-5.48536
-5.33913
-5.16881
-5.27515
-5.2262
-5.05217
-5.55204
-6.26343
-6.26378
-5.40145
-5.14499
-5.116
-6.54885
-6.35578
-6.77227
-7.56011
-7.56327
-6.87936
-6.33992
-6.45651
-6.4696
-6.36141
-6.59652
-6.59146
-6.83464
-6.64788
-6.42398
-6.45182
-6.35312
-6.17921
-6.45229
-6.32899
-6.36347
-6.41419
-6.19798
-6.07256
-6.92489
-6.30617
-6.60058
-6.55876
-6.57961
-6.49888
-6.05926
-7.15997
-5.74693
-4.80545
-5.20593
-5.35229
-5.1449
-5.22109
-4.94192
-5.60991
-4.91084
-4.88113
-5.2762
-5.01465
-5.01869
-5.1575
-4.91766
-5.11949
-5.21922
-5.25431
-5.45457
-5.49861
-5.48233
-5.33889
-5.17332
-5.26695
-5.22714
-5.05292
-5.551
-6.26385
-6.26243
-5.39927
-5.14518
-5.11177
-6.54439
-6.35338
-6.76945
-7.56657
-7.56441
-6.8822
-6.33905
-6.46326
-6.4648
-6.35258
-6.59068
-6.58969
-6.83366
-6.64933
-6.4288
-6.45545
-6.34646
-6.18082
-6.45591
-6.33211
-6.35903
-6.41375
-6.19229
-6.06611
-6.93163
-6.30504
-6.59807
-6.55339
-6.58442
-6.49981
-6.05462
-7.16024
-5.75075
-4.8122
-5.20639
-5.35383
-5.14174
-5.22103
-4.94332
-5.60876
-4.91742
-4.8788
-5.27954
-5.0137
-5.01872
-5.15597
-4.91664
-5.12034
-5.21782
-5.25034
-5.44629
-5.501
-5.48663
-5.33185
-5.17315
-5.27531
-5.22658
-5.05176
-5.55817
-6.25847
-6.25624
-5.40314
-5.14595
-5.11514
-6.54998
-6.35506
-6.77489
-7.55957
-7.56286
-6.88356
-6.33673
-6.45712
-6.4644
-6.35929
-6.59243
-6.59375
-6.83125
-6.64609
-6.42132
-6.44874
-6.34519
-6.17958
-6.45558
-6.32606
-6.35729
-6.41592
-6.19753
-6.06755
-6.93121
-6.31243
-6.60361
-6.55892
-6.58365
-6.50099
-6.06018
-7.15897
-5.74605
-4.80772
-5.20727
-5.34854
-5.14377
-5.22254
-4.94903
-5.61118
-4.91305
-4.87784
-5.27454
-5.01056
-5.02591
-5.15666
-4.91957
-5.11929
-5.21426
-5.24935
-5.44823
-5.49244
-5.47977
-5.33533
-5.17306
-5.2719
-5.23224
-5.04731
-5.55529
-6.26027
-6.25742
-5.39507
-5.1409
-5.11713
-6.5509
-6.35827
-6.77599
-7.56628
-7.56307
-6.88103
-6.33485
-6.45842
-6.46923
-6.3552
-6.59702
-6.58786
-6.82975
-6.64763
-6.42717
-6.45399
-6.35256
-6.17966
-6.45244
-6.32687
-6.3624
-6.40875
-6.19687
-6.07235
-6.9248
-6.30731
-6.59999
-6.5537
-6.57965
-6.49597
-6.05446
-7.16659
-5.74972
-4.80349
-5.20258
-5.35131
-5.13718
-5.22647
-4.94676
-5.61298
-4.91214
-4.87655
-5.28117
-5.01437
-5.01821
-5.15359
-4.91729
-5.12279
-5.2131
-5.24935
-5.44659
-5.50036
-5.48279
-5.3375
-5.1672
-5.26769
-5.22546
-5.05268
-5.55697
-6.2564
-6.2601
-5.40269
-5.13818
-5.11288
-6.54996
-6.35642
-6.7779
-7.56446
-7.56014
-6.88137
-6.33305
-6.46245
-6.46795
-6.3566
-6.59153
-6.59039
-6.83393
-6.646
-6.42877
-6.45664
-6.34627
-6.17674
-6.45749
-6.32778
-6.36319
-6.41205
-6.19588
-6.06914
-6.92556
-6.31134
-6.5975
-6.56038
-6.58245
-6.49445
-6.06103
-7.16324
-5.74592
-4.80395
-5.2052
-5.35058
-5.13707
-5.22052
-4.94844
-5.60718
-4.9189
-4.87699
-5.28327
-5.0117
-5.02228
-5.16026
-4.91688
-5.11533
-5.2181
-5.25456
-5.45238
-5.49579
-5.48539
-5.33574
-5.17152
-5.27125
-5.22554
-5.0448
-5.55888
-6.26328
-6.25814
-5.39983
-5.14114
-5.118
-6.54974
-6.35951
-6.77609
-7.5584
-7.56561
-6.88141
-6.33672
-6.45548
-6.46308
-6.35329
-6.59677
-6.5934
-6.82926
-6.65383
-6.42892
-6.44959
-6.34999
-6.17773
-6.4532
-6.33111
-6.36424
-6.41106
-6.19083
-6.07156
-6.92747
-6.30422
-6.60093
-6.55241
-6.58373
-6.49474
-6.05738
-7.16386
-5.74339
-4.80421
-5.20428
-5.35188
-5.1407
-5.22346
-4.94519
-5.60846
-4.9135
-4.88119
-5.27483
-5.01337
-5.0254
-5.15813
-4.92262
-5.11655
-5.21328
-5.25419
-5.44674
-5.49876
-5.48048
-5.33183
-5.17129
-5.27261
-5.22993
-5.04895
-5.5565
-6.26307
-6.26286
-5.39547
-5.13767
-5.11332
-6.55085
-6.35853
-6.7753
-7.5629
-7.56005
-6.88168
-6.33649
-6.45893
-6.46713
-6.35897
-6.59048
-6.59397
-6.82873
-6.65183
-6.42665
-6.45583
-6.34508
-6.18228
-6.45488
-6.33252
-6.35775
-6.41008
-6.19519
-6.07378
-6.92675
-6.3072
-6.59514
-6.55865
-6.58122
-6.49346
-6.0544
-7.16484
-5.74802
-4.80725
-5.20569
-5.34964
-5.14303
-5.22424
-4.94251
-5.60696
-4.91255
-4.88019
-5.2744
-5.01832
-5.01923
-5.15184
-4.91764
-5.11848
-5.22061
-5.25435
-5.45315
-5.49817
-5.4866
-5.33693
-5.17111
-5.2691
-5.23192
-5.05213
-5.55549
-6.26283
-6.26172
-5.3977
-5.1408
-5.1149
-6.54847
-6.35563
-6.77736
-7.56599
-7.561
-6.88262
-6.34064
-6.46005
-6.46478
-6.35562
-6.59392
-6.58919
-6.83023
-6.65352
-6.42622
-6.45187
-6.34949
-6.18375
-6.45366
-6.32788
-6.35914
-6.40948
-6.19389
-6.07404
-6.93086
-6.30726
-6.59993
-6.55215
-6.58699
-6.49619
-6.05438
-7.16393
-5.74471
-4.80938
-5.20481
-5.35375
-5.14408
-5.22476
-4.94716
-5.60914
-4.91637
-4.87685
-5.27688
-5.01139
-5.02548
-5.15354
-4.92036
-5.119
-5.21812
-5.24981
-5.45425
-5.49919
-5.48088
-5.3349
-5.1695
-5.27178
-5.22788
-5.05132
-5.55322
-6.25714
-6.26161
-5.39974
-5.13743
-5.11299
-6.55022
-6.35325
-6.77342
-7.5593
-7.56138
-6.88104
-6.33824
-6.46318
-6.46118
-6.36065
-6.59019
-6.58731
-6.83219
-6.65405
-6.42807
-6.45372
-6.35153
-6.18379
-6.45665
-6.3275
-6.36389
-6.41389
-6.19309
-6.06666
-6.92631
-6.3088
-6.59699
-6.55501
-6.58084
-6.49766
-6.05814
-7.16043
-5.74249
-4.80593
-5.21061
-5.35442
-5.1451
-5.22341
-4.94742
-5.61162
-4.91803
-4.87812
-5.27602
-5.01259
-5.02154
-5.1557
-4.92042
-5.12029
-5.22096
-5.25164
-5.44733
-5.4933
-5.48458
-5.33134
-5.16625
-5.26816
-5.23086
-5.049
-5.55938
-6.26508
-6.26266
-5.40056
-5.13784
-5.11686
-6.5504
-6.35126
-6.7721
-7.56654
-7.558
-6.87861
-6.33664
-6.45584
-6.46668
-6.35685
-6.59518
-6.58708
-6.82928
-6.65078
-6.42712
-6.45131
-6.34646
-6.17794
-6.45843
-6.33333
-6.3609
-6.4125
-6.19434
-6.07287
-6.92599
-6.30431
-6.60293
-6.55852
-6.58456
-6.49706
-6.05358
-7.16413
-5.74654
-4.80845
-5.202
-5.35563
-5.13796
-5.21797
-4.94887
-5.60648
-4.91298
-4.87697
-5.28045
-5.01231
-5.02377
-5.15445
-4.9169
-5.11561
-5.21529
-5.25347
-5.45517
-5.49656
-5.48337
-5.33181
-5.17452
-5.26697
-5.22474
-5.05232
-5.55121
-6.26477
-6.25991
-5.40093
-5.13811
-5.11728
-6.54527
-6.35331
-6.77517
-7.55916
-7.5581
-6.88134
-6.33957
-6.4557
-6.46359
-6.36097
-6.5917
-6.58887
-6.82674
-6.64876
-6.42638
-6.45532
-6.35316
-6.17881
-6.4525
-6.3316
-6.36206
-6.41648
-6.19681
-6.06832
-6.92918
-6.3113
-6.60072
-6.56056
-6.58747
-6.4937
-6.05448
-7.15859
-5.75089
-4.80635
-5.20694
-5.35127
-5.14368
-5.22563
-4.9423
-5.60524
-4.91108
-4.88167
-5.27894
-5.01187
-5.02382
-5.15869
-4.91777
-5.11955
-5.21913
-5.25
-5.45235
-5.49452
-5.48548
-5.33891
-5.1718
-5.26721
-5.22713
-5.04461
-5.55133
-6.25805
-6.2582
-5.39971
-5.13938
-5.11382
-6.55145
-6.35433
-6.77541
-7.56318
-7.55978
-6.88154
-6.34033
-6.46026
-6.46992
-6.35423
-6.59585
-6.58654
-6.82766
-6.65411
-6.42131
-6.45273
-6.34894
-6.17997
-6.4532
-6.33051
-6.36068
-6.41316
-6.19552
-6.0668
-6.93028
-6.30559
-6.59711
-6.55281
-6.58124
-6.49803
-6.05876
-7.16434
-5.74943
-4.80559
-5.20573
-5.35448
-5.1417
-5.22002
-4.94776
-5.61295
-4.91435
-4.87621
-5.27735
-5.01432
-5.02415
-5.15741
-4.9237
-5.12049
-5.21916
-5.25177
-5.45417
-5.49666
-5.48774
-5.33377
-5.16626
-5.27424
-5.23181
-5.0502
-5.55165
-6.25893
-6.26258
-5.40201
-5.14119
-5.11346
-6.54742
-6.35305
-6.77441
-7.56293
-7.56093
-6.87633
-6.33955
-6.45814
-6.46313
-6.35935
-6.59573
-6.58952
-6.83224
-6.6496
-6.42043
-6.44908
-6.34887
-6.18473
-6.45563
-6.32768
-6.36035
-6.4162
-6.19502
-6.06684
-6.92966
-6.31099
-6.60151
-6.5548
-6.58004
-6.49458
-6.05356
-7.16578
-5.74992
-4.81025
-5.20736
-5.34939
-5.13822
-5.22628
-4.94878
-5.60666
-4.91702
-4.87967
-5.28317
-5.01262
-5.0201
-5.15459
-4.91912
-5.1147
-5.2178
-5.2558
-5.44904
-5.50102
-5.4812
-5.33286
-5.16656
-5.2691
-5.2314
-5.05285
-5.55521
-6.26418
-6.26273
-5.3984
-5.13909
-5.11352
-6.54891
-6.35132
-6.77129
-7.55803
-7.55947
-6.87871
-6.3349
-6.45804
-6.46271
-6.35329
-6.59686
-6.59452
-6.83067
-6.65343
-6.42456
-6.45346
-6.35068
-6.18391
-6.45636
-6.32848
-6.35938
-6.41542
-6.19636
-6.07483
-6.93051
-6.30641
-6.60192
-6.55586
-6.58451
-6.50192
-6.05687
-7.15958
-5.74968
-4.80896
-5.21028
-5.35319
-5.14112
-5.21856
-4.94865
-5.60921
-4.9181
-4.87595
-5.27582
-5.01662
-5.01929
-5.15844
-4.92256
-5.11888
-5.2132
-5.24896
-5.45201
-5.49597
-5.47984
-5.33595
-5.17491
-5.27565
-5.22807
-5.04937
-5.55635
-6.26466
-6.25919
-5.39521
-5.14423
-5.11685
-6.54574
-6.3549
-6.77656
-7.56189
-7.56658
-6.87665
-6.33294
-6.45996
-6.46816
-6.36127
-6.59423
-6.58717
-6.82954
-6.64995
-6.4248
-6.44943
-6.34839
-6.17705
-6.45449
-6.33006
-6.36451
-6.41182
-6.1901
-6.0747
-6.92746
-6.30741
-6.59747
-6.55728
-6.58684
-6.4934
-6.05816
-7.15811
-5.74745
-4.80571
-5.2048
-5.34844
-5.13858
-5.22033
-4.94394
-5.60709
-4.91472
-4.87475
-5.28163
-5.01304
-5.02449
-5.15617
-4.92065
-5.11805
-5.21376
-5.2509
-5.44895
-5.4955
-5.48335
-5.33952
-5.1675
-5.27574
-5.22784
-5.04858
-5.55712
-6.25947
-6.26068
-5.39976
-5.1405
-5.11324
-6.54683
-6.35591
-6.77119
-7.56149
-7.56404
-6.87969
-6.33469
-6.45554
-6.46619
-6.36123
-6.59377
-6.58576
-6.82643
-6.65297
-6.42792
-6.45177
-6.35289
-6.17858
-6.45965
-6.33435
-6.35779
-6.40907
-6.1899
-6.06758
-6.9243
-6.30629
-6.59845
-6.56046
-6.5846
-6.50154
-6.05449
-7.16154
-5.7429
-4.80812
-5.2052
-5.35167
-5.14124
-5.2227
-4.94615
-5.61165
-4.91436
-4.8731
-5.28107
-5.01845
-5.02395
-5.15707
-4.91979
-5.11826
-5.21889
-5.25027
-5.45391
-5.49897
-5.48037
-5.33189
-5.17172
-5.27039
-5.2247
-5.05128
-5.55613
-6.25753
-6.26015
-5.40079
-5.14412
-5.11887
-6.54355
-6.35188
-6.77385
-7.56315
-7.56266
-6.87956
-6.33987
-6.45551
-6.46254
-6.3527
-6.59438
-6.58832
-6.83519
-6.64816
-6.42412
-6.45405
-6.35188
-6.1849
-6.46065
-6.33125
-6.36347
-6.41253
-6.19185
-6.07446
-6.92407
-6.30867
-6.59727
-6.55976
-6.5844
-6.50214
-6.05701
-7.16575
-5.74361
-4.80582
-5.21028
-5.34889
-5.1375
-5.21893
-4.94144
-5.6106
-4.91142
-4.88057
-5.27652
-5.01411
-5.01749
-5.15686
-4.91598
-5.12129
-5.22034
-5.25625
-5.45459
-5.49317
-5.48066
-5.33275
-5.17503
-5.27569
-5.22671
-5.04438
-5.55166
-6.26184
-6.25945
-5.39876
-5.14619
-5.11518
-6.54815
-6.354
-6.77192
-7.56638
-7.56645
-6.87713
-6.33945
-6.45995
-6.4663
-6.35728
-6.59158
-6.59039
-6.83212
-6.64778
-6.42033
-6.45524
-6.34868
-6.18118
-6.4588
-6.32942
-6.36195
-6.40981
-6.19817
-6.06909
-6.92329
-6.3095
-6.59709
-6.56007
-6.58505
-6.4951
-6.06169
-7.16153
-5.74272
-4.80376
-5.20684
-5.35125
-5.13771
-5.22583
-4.94555
-5.60682
-4.91125
-4.877
-5.27511
-5.01546
-5.02322
-5.15425
-4.91976
-5.12255
-5.21948
-5.24908
-5.45376
-5.49672
-5.48038
-5.33757
-5.16738
-5.27371
-5.22427
-5.04798
-5.55528
-6.25936
-6.25662
-5.39458
-5.14388
-5.11182
-6.54401
-6.35749
-6.77641
-7.5645
-7.56267
-6.87961
-6.33196
-6.45622
-6.46933
-6.35961
-6.59567
-6.59258
-6.83354
-6.64982
-6.4268
-6.45644
-6.34788
-6.17834
-6.45216
-6.3307
-6.35842
-6.41291
-6.1975
-6.07413
-6.92607
-6.30593
-6.59896
-6.55929
-6.58479
-6.49954
-6.06004
-7.16341
-5.74988
-4.80931
-5.20252
-5.35514
-5.14505
-5.22015
-4.94694
-5.60881
-4.91415
-4.87818
-5.27949
-5.01767
-5.02023
-5.16029
-4.91586
-5.11656
-5.21931
-5.25689
-5.44875
-5.50077
-5.48704
-5.33358
-5.17276
-5.27484
-5.22381
-5.04831
-5.55843
-6.26326
-6.26265
-5.40115
-5.14265
-5.11756
-6.55143
-6.35367
-6.77318
-7.56427
-7.56499
-6.8806
-6.33959
-6.46049
-6.46208
-6.36056
-6.5942
-6.59097
-6.82915
-6.65168
-6.42078
-6.45214
-6.34943
-6.18506
-6.45713
-6.32911
-6.36218
-6.41571
-6.19726
-6.06901
-6.92433
-6.31171
-6.59576
-6.55599
-6.58213
-6.49502
-6.05692
-7.16221
-5.75082
-4.81174
-5.20776
-5.35513
-5.14527
-5.22184
-4.94566
-5.6128
-4.91781
-4.87346
-5.27676
-5.0109
-5.02162
-5.15782
-4.92322
-5.12239
-5.22011
-5.25314
-5.45443
-5.49559
-5.48395
-5.33195
-5.17431
-5.27207
-5.22456
-5.04853
-5.55436
-6.25877
-6.26405
-5.39558
-5.14487
-5.11745
-6.54593
-6.35465
-6.77792
-7.56083
-7.56458
-6.88205
-6.33916
-6.45459
-6.46952
-6.3535
-6.59424
-6.58782
-6.83455
-6.64718
-6.42032
-6.4522
-6.35073
-6.18334
-6.46046
-6.33215
-6.36286
-6.4098
-6.19212
-6.06861
-6.92545
-6.31066
-6.59706
-6.55927
-6.58023
-6.50112
-6.05512
-7.16577
-5.74736
-4.80902
-5.20329
-5.35426
-5.13875
-5.21822
-4.94832
-5.60546
-4.91648
-4.87384
-5.27876
-5.01311
-5.01725
-5.15466
-4.92188
-5.11697
-5.21707
-5.2539
-5.45523
-5.49236
-5.48066
-5.3332
-5.16718
-5.27265
-5.22574
-5.05194
-5.55178
-6.25955
-6.26174
-5.40169
-5.144
-5.11811
-6.55053
-6.3516
-6.77564
-7.56063
-7.56198
-6.88094
-6.33571
-6.45785
-6.46684
-6.36011
-6.59625
-6.59321
-6.8287
-6.64537
-6.42344
-6.45349
-6.3496
-6.17761
-6.4549
-6.33143
-6.36269
-6.41056
-6.19416
-6.07358
-6.93032
-6.30851
-6.59744
-6.55971
-6.58741
-6.49452
-6.06159
-7.1628
-5.74252
-4.80685
-5.20371
-5.3548
-5.14048
-5.22044
-4.9484
-5.60527
-4.91521
-4.87326
-5.27734
-5.013
-5.01981
-5.15525
-4.92344
-5.12311
-5.21926
-5.24901
-5.4474
-5.49604
-5.48103
-5.33766
-5.16875
-5.2736
-5.23201
-5.04643
-5.5593
-6.26468
-6.26173
-5.40131
-5.14619
-5.1113
-6.55146
-6.35703
-6.77087
-7.56451
-7.55802
-6.88086
-6.33213
-6.45854
-6.4688
-6.35698
-6.59133
-6.58758
-6.83433
-6.65226
-6.42604
-6.45178
-6.35088
-6.17859
-6.4574
-6.3295
-6.35563
-6.41365
-6.19166
-6.07326
-6.92801
-6.30768
-6.60336
-6.55717
-6.58196
-6.49427
-6.05518
-7.15853
-5.74869
-4.80768
-5.21002
-5.34856
-5.14048
-5.21917
-4.94534
-5.61224
-4.91887
-4.88097
-5.28149
-5.01485
-5.02152
-5.15493
-4.91644
-5.11884
-5.22064
-5.25339
-5.45518
-5.49243
-5.48173
-5.33287
-5.16897
-5.27144
-5.22729
-5.04979
-5.55774
-6.25873
-6.25859
-5.39646
-5.13802
-5.11214
-6.54816
-6.35873
-6.77062
-7.56528
-7.56356
-6.87721
-6.33869
-6.45481
-6.46287
-6.35841
-6.58929
-6.58915
-6.83214
-6.64555
-6.42389
-6.44848
-6.34692
-6.17829
-6.45287
-6.32599
-6.36155
-6.41618
-6.19607
-6.07317
-6.92295
-6.31044
-6.599
-6.55732
-6.5877
-6.49454
-6.0601
-7.15899
-5.74899
-4.8074
-5.20505
-5.35085
-5.14069
-5.2185
-4.94678
-5.6112
-4.91676
-4.87534
-5.27636
-5.01035
-5.02305
-5.15834
-4.9239
-5.11787
-5.21568
-5.25515
-5.45033
-5.49604
-5.48277
-5.3327
-5.16723
-5.27374
-5.2314
-5.04489
-5.55733
-6.25842
-6.26068
-5.401
-5.13888
-5.11584
-6.54901
-6.35943
-6.77065
-7.55838
-7.55789
-6.8795
-6.33956
-6.46118
-6.46159
-6.35865
-6.59703
-6.58884
-6.83485
-6.64675
-6.42542
-6.45311
-6.3514
-6.17703
-6.45401
-6.32597
-6.36065
-6.41184
-6.1959
-6.06877
-6.92472
-6.30544
-6.60326
-6.55501
-6.58378
-6.502
-6.05552
-7.15944
-5.7455
-4.80592
-5.20486
-5.35035
-5.14117
-5.22032
-4.94261
-5.61088
-4.91658
-4.87788
-5.28057
-5.01369
-5.01715
-5.15521
-4.9164
-5.11956
-5.2185
-5.24989
-5.44905
-5.49807
-5.48556
-5.33681
-5.16863
-5.27237
-5.23096
-5.04926
-5.5521
-6.26185
-6.25804
-5.39981
-5.14275
-5.11242
-6.54286
-6.35976
-6.772
-7.56542
-7.55998
-6.87857
-6.33696
-6.4565
-6.46601
-6.36108
-6.59315
-6.58697
-6.83065
-6.65151
-6.42307
-6.45158
-6.35224
-6.1818
-6.46025
-6.33158
-6.35981
-6.41696
-6.19463
-6.07163
-6.92985
-6.30676
-6.59722
-6.55203
-6.58856
-6.49695
-6.06095
-7.16038
-5.74554
-4.80688
-5.20274
-5.34762
-5.13823
-5.2236
-4.9469
-5.60559
-4.91344
-4.87667
-5.28278
-5.01523
-5.01971
-5.15412
-4.92297
-5.1163
-5.21434
-5.24974
-5.44921
-5.49391
-5.4858
-5.33882
-5.16842
-5.27498
-5.22614
-5.05245
-5.55085
-6.26163
-6.26246
-5.4029
-5.14377
-5.11699
-6.54886
-6.35591
-6.77725
-7.56491
-7.56139
-6.88154
-6.33396
-6.45721
-6.46304
-6.36028
-6.59237
-6.5869
-6.82712
-6.64768
-6.42241
-6.45454
-6.34728
-6.18194
-6.45236
-6.33089
-6.36336
-6.40862
-6.1978
-6.07451
-6.92727
-6.30411
-6.60209
-6.55603
-6.58767
-6.49379
-6.06136
-7.16596
-5.74531
-4.80904
-5.21057
-5.35256
-5.14363
-5.22295
-4.94318
-5.60567
-4.9191
-4.87554
-5.2795
-5.01604
-5.0172
-5.15897
-4.91644
-5.11748
-5.21314
-5.25215
-5.45085
-5.49232
-5.48565
-5.33576
-5.171
-5.26919
-5.23207
-5.05208
-5.55715
-6.2576
-6.25909
-5.40202
-5.1389
-5.11381
-6.54358
-6.35986
-6.77724
-7.56407
-7.5588
-6.88399
-6.33298
-6.46293
-6.46764
-6.3552
-6.59031
-6.59114
-6.83319
-6.64879
-6.42672
-6.45081
-6.34496
-6.1844
-6.46041
-6.32549
-6.36251
-6.41017
-6.19038
-6.07309
-6.92721
-6.30817
-6.59733
-6.56025
-6.58397
-6.50116
-6.05404
-7.16191
-5.74646
-4.80617
-5.20434
-5.34744
-5.1449
-5.22553
-4.94642
-5.60966
-4.91405
-4.87481
-5.27737
-5.01863
-5.02391
-5.15891
-4.91654
-5.11932
-5.2172
-5.24936
-5.44783
-5.49414
-5.48386
-5.33751
-5.16778
-5.27021
-5.23071
-5.0441
-5.55163
-6.26018
-6.26219
-5.40261
-5.13824
-5.11727
-6.54818
-6.35379
-6.76981
-7.56445
-7.5641
-6.87892
-6.33326
-6.45903
-6.46513
-6.35278
-6.58976
-6.58724
-6.82669
-6.65189
-6.42698
-6.45127
-6.35164
-6.18243
-6.45182
-6.33395
-6.35868
-6.41119
-6.19146
-6.06845
-6.92743
-6.30686
-6.5972
-6.55385
-6.583
-6.49512
-6.05773
-7.16452
-5.74704
-4.81077
-5.20608
-5.35257
-5.13931
-5.22065
-4.94434
-5.61289
-4.91302
-4.87546
-5.27664
-5.01586
-5.0233
-5.15768
-4.92284
-5.12319
-5.21904
-5.25255
-5.45329
-5.49346
-5.48605
-5.33134
-5.16737
-5.27561
-5.22759
-5.04924
-5.55719
-6.26336
-6.26399
-5.39969
-5.14387
-5.11207
-6.54401
-6.35929
-6.77147
-7.5644
-7.56408
-6.88245
-6.33836
-6.4626
-6.4648
-6.35507
-6.58946
-6.58973
-6.83521
-6.65082
-6.42747
-6.44909
-6.34917
-6.18498
-6.45899
-6.33025
-6.35626
-6.40844
-6.19255
-6.0743
-6.92986
-6.31143
-6.5956
-6.5528
-6.58284
-6.49523
-6.05519
-7.16116
-5.74979
-4.80837
-5.21032
-5.34937
-5.13771
-5.22431
-4.94495
-5.60651
-4.91068
-4.87291
-5.27553
-5.01002
-5.02042
-5.15871
-4.91781
-5.12091
-5.22191
-5.25257
-5.44775
-5.49463
-5.4814
-5.33933
-5.16947
-5.27545
-5.22443
-5.04558
-5.55527
-6.26049
-6.2639
-5.39659
-5.13816
-5.11372
-6.54872
-6.35959
-6.77611
-7.5598
-7.56601
-6.87751
-6.33509
-6.45614
-6.46317
-6.35814
-6.59771
-6.58637
-6.82968
-6.65043
-6.42743
-6.4509
-6.35002
-6.17778
-6.45493
-6.33027
-6.36307
-6.41014
-6.19312
-6.06739
-6.93061
-6.30813
-6.59785
-6.55911
-6.58815
-6.50216
-6.05492
-7.16207
-5.74722
-4.81106
-5.20205
-5.34874
-5.14234
-5.22565
-4.94634
-5.60991
-4.9134
-4.873
-5.28325
-5.01007
-5.02133
-5.15148
-4.91678
-5.11632
-5.2208
-5.25302
-5.45159
-5.49258
-5.48396
-5.33494
-5.17021
-5.2748
-5.2296
-5.04648
-5.55832
-6.25751
-6.25657
-5.3967
-5.1382
-5.11057
-6.54598
-6.35726
-6.77094
-7.55856
-7.56001
-6.88316
-6.33297
-6.46219
-6.46553
-6.35593
-6.59283
-6.58933
-6.82806
-6.65323
-6.42449
-6.4537
-6.35256
-6.18281
-6.45742
-6.33435
-6.36186
-6.4147
-6.19118
-6.06707
-6.92585
-6.30716
-6.60332
-6.55229
-6.58179
-6.49863
-6.0553
-7.15922
-5.75105
-4.80401
-5.20309
-5.3514
-5.14373
-5.21989
-4.94737
-5.60733
-4.9118
-4.8772
-5.28273
-5.01519
-5.02468
-5.15594
-4.91947
-5.11641
-5.22154
-5.25276
-5.45288
-5.49668
-5.48437
-5.33966
-5.1732
-5.27319
-5.22477
-5.05017
-5.55076
-6.2651
-6.26305
-5.40042
-5.14338
-5.11582
-6.55076
-6.35455
-6.77456
-7.56346
-7.56157
-6.88175
-6.33925
-6.4556
-6.46679
-6.3613
-6.58953
-6.59396
-6.83363
-6.65399
-6.42134
-6.45053
-6.35103
-6.18499
-6.45356
-6.32725
-6.36301
-6.40894
-6.19573
-6.07353
-6.92581
-6.30433
-6.59762
-6.55898
-6.58146
-6.49657
-6.05839
-7.16243
-5.7503
-4.81182
-5.20222
-5.35361
-5.1453
-5.22104
-4.94456
-5.60725
-4.91901
-4.87546
-5.2788
-5.0152
-5.02364
-5.15396
-4.92267
-5.12011
-5.22163
-5.25257
-5.44718
-5.49604
-5.47988
-5.33352
-5.17322
-5.2716
-5.22783
-5.05203
-5.55829
-6.25849
-6.25862
-5.39675
-5.14503
-5.1133
-6.54828
-6.35236
-6.77635
-7.55991
-7.55814
-6.87732
-6.33681
-6.4557
-6.46925
-6.35377
-6.59245
-6.59073
-6.8303
-6.65151
-6.42231
-6.45306
-6.349
-6.17762
-6.45311
-6.33182
-6.36104
-6.41541
-6.18967
-6.07316
-6.93119
-6.3104
-6.59578
-6.55878
-6.58134
-6.50171
-6.06133
-7.16287
-5.7427
-4.80679
-5.20344
-5.34891
-5.14128
-5.22146
-4.94746
-5.60656
-4.91891
-4.87433
-5.27694
-5.01308
-5.02214
-5.16001
-4.91659
-5.12221
-5.21412
-5.25386
-5.45515
-5.49397
-5.48602
-5.3338
-5.16789
-5.26813
-5.23228
-5.05291
-5.55204
-6.25714
-6.2631
-5.39752
-5.14401
-5.1115
-6.54294
-6.35986
-6.77324
-7.56124
-7.56684
-6.87774
-6.33248
-6.46124
-6.46559
-6.35963
-6.59423
-6.5941
-6.83169
-6.64939
-6.42528
-6.45142
-6.3466
-6.18146
-6.45446
-6.33345
-6.35606
-6.41342
-6.19785
-6.06889
-6.93042
-6.30501
-6.59515
-6.55945
-6.58299
-6.49431
-6.06207
-7.16512
-5.74476
-4.80413
-5.20751
-5.35392
-5.14272
-5.22001
-4.94133
-5.60736
-4.91316
-4.87561
-5.2788
-5.01174
-5.01821
-5.15927
-4.91581
-5.11846
-5.21727
-5.25143
-5.44966
-5.4948
-5.48392
-5.3318
-5.16655
-5.27409
-5.22405
-5.0455
-5.55264
-6.25946
-6.26119
-5.39978
-5.13782
-5.11519
-6.54682
-6.35529
-6.7696
-7.55993
-7.56243
-6.88012
-6.332
-6.46044
-6.46369
-6.3568
-6.59135
-6.5867
-6.82908
-6.64998
-6.42467
-6.44895
-6.35321
-6.18387
-6.45315
-6.33231
-6.36029
-6.4098
-6.19452
-6.0749
-6.92556
-6.30483
-6.6032
-6.55986
-6.58607
-6.49854
-6.06122
-7.16618
-5.74305
-4.80438
-5.20989
-5.35172
-5.13761
-5.21852
-4.9417
-5.60498
-4.91924
-4.88164
-5.27449
-5.01256
-5.02275
-5.1586
-4.92308
-5.11496
-5.22007
-5.25692
-5.44861
-5.4998
-5.48816
-5.33321
-5.16933
-5.26698
-5.23059
-5.04982
-5.55404
-6.25971
-6.2563
-5.39897
-5.14577
-5.113
-6.55034
-6.35812
-6.77683
-7.56185
-7.5631
-6.8801
-6.33417
-6.46312
-6.46733
-6.35524
-6.59096
-6.59039
-6.83195
-6.65376
-6.42022
-6.45424
-6.34506
-6.17851
-6.45169
-6.32998
-6.35869
-6.41256
-6.19362
-6.06895
-6.92778
-6.30433
-6.60007
-6.55425
-6.58794
-6.5018
-6.05747
-7.16574
-5.74374
-4.80784
-5.20255
-5.34872
-5.1429
-5.22586
-4.94725
-5.60543
-4.91552
-4.88005
-5.28267
-5.01268
-5.02449
-5.15459
-4.92252
-5.12045
-5.21813
-5.2536
-5.45194
-5.49958
-5.486
-5.33316
-5.17399
-5.26902
-5.23213
-5.04693
-5.55287
-6.26489
-6.26317
-5.40308
-5.1459
-5.11869
-6.55141
-6.35234
-6.77577
-7.56285
-7.55924
-6.87657
-6.33642
-6.46081
-6.46316
-6.35925
-6.59299
-6.58893
-6.82743
-6.64539
-6.42775
-6.44961
-6.3523
-6.18039
-6.45761
-6.32788
-6.35846
-6.41334
-6.19223
-6.07004
-6.92394
-6.31043
-6.60116
-6.55913
-6.58142
-6.49988
-6.05966
-7.16296
-5.74439
-4.80465
-5.20529
-5.34931
-5.13711
-5.21821
-4.94827
-5.6097
-4.9142
-4.88123
-5.28014
-5.01583
-5.02489
-5.15235
-4.91904
-5.12198
-5.21784
-5.25092
-5.45172
-5.49218
-5.48693
-5.33113
-5.16987
-5.27105
-5.23
-5.04567
-5.55453
-6.26215
-6.26432
-5.39611
-5.14442
-5.11749
-6.54505
-6.35115
-6.77052
-7.55949
-7.5603
-6.88305
-6.33998
-6.45688
-6.46879
-6.35287
-6.58925
-6.59449
-6.83361
-6.64683
-6.42653
-6.4541
-6.35048
-6.17855
-6.45482
-6.32746
-6.36033
-6.4127
-6.19062
-6.07399
-6.92644
-6.30723
-6.59852
-6.55604
-6.58585
-6.4935
-6.05461
-7.16465
-5.74441
-4.81063
-5.20368
-5.35516
-5.14039
-5.21867
-4.94344
-5.60948
-4.91749
-4.87667
-5.27608
-5.01746
-5.02239
-5.15623
-4.92229
-5.11504
-5.21455
-5.2542
-5.45309
-5.50031
-5.48159
-5.33917
-5.16864
-5.26777
-5.22797
-5.05
-5.55853
-6.25753
-6.25851
-5.39439
-5.1404
-5.11049
-6.55146
-6.35521
-6.77382
-7.56518
-7.56215
-6.88079
-6.3345
-6.46237
-6.46779
-6.36106
-6.59636
-6.5923
-6.83391
-6.64563
-6.42174
-6.45543
-6.34719
-6.17818
-6.45623
-6.328
-6.36202
-6.41735
-6.19328
-6.06679
-6.9268
-6.30786
-6.59484
-6.55982
-6.58719
-6.49803
-6.05443
-7.16529
-5.74497
-4.80589
-5.21054
-5.3495
-5.1439
-5.22151
-4.94575
-5.61299
-4.91104
-4.87803
-5.27953
-5.01738
-5.022
-5.15224
-4.92193
-5.12183
-5.21557
-5.25724
-5.44954
-5.49396
-5.48127
-5.33813
-5.17422
-5.27315
-5.23146
-5.04783
-5.55848
-6.26276
-6.26448
-5.39454
-5.14495
-5.11063
-6.54428
-6.35455
-6.77509
-7.56177
-7.5663
-6.88228
-6.33248
-6.45946
-6.46375
-6.35532
-6.59294
-6.58979
-6.83223
-6.65366
-6.42884
-6.45492
-6.35065
-6.18175
-6.45839
-6.3296
-6.36382
-6.41312
-6.19092
-6.07381
-6.9266
-6.30951
-6.60074
-6.55309
-6.58832
-6.50073
-6.05369
-7.16035
-5.74526
-4.81085
-5.20216
-5.3505
-5.13952
-5.22278
-4.94301
-5.60984
-4.91545
-4.87845
-5.2787
-5.01029
-5.01881
-5.15361
-4.91744
-5.12028
-5.21642
-5.25633
-5.44814
-5.49333
-5.48643
-5.3325
-5.16846
-5.2696
-5.22727
-5.05239
-5.55864
-6.2648
-6.25761
-5.39655
-5.14525
-5.11741
-6.55083
-6.3565
-6.77044
-7.56315
-7.56423
-6.88123
-6.337
-6.45837
-6.46718
-6.35649
-6.59425
-6.58612
-6.83186
-6.64561
-6.42372
-6.45419
-6.3509
-6.18
-6.45677
-6.33199
-6.35753
-6.41123
-6.19407
-6.06876
-6.92806
-6.30925
-6.59886
-6.55351
-6.58036
-6.49903
-6.05647
-7.16222
-5.74402
-4.80397
-5.20656
-5.34894
-5.13756
-5.21901
-4.94585
-5.60828
-4.91712
-4.87835
-5.27476
-5.01794
-5.01965
-5.15187
-4.92199
-5.11684
-5.22143
-5.25211
-5.45203
-5.49498
-5.48674
-5.33173
-5.17377
-5.26833
-5.22458
-5.04929
-5.55305
-6.25765
-6.26056
-5.39458
-5.14456
-5.11837
-6.55019
-6.35896
-6.7707
-7.55938
-7.56146
-6.88031
-6.33307
-6.46261
-6.46783
-6.35592
-6.593
-6.59081
-6.83293
-6.64569
-6.42871
-6.45022
-6.34898
-6.18457
-6.45652
-6.33047
-6.3606
-6.41228
-6.19387
-6.07217
-6.92663
-6.30892
-6.60361
-6.55946
-6.58848
-6.50129
-6.05863
-7.15823
-5.75088
-4.81093
-5.20544
-5.35486
-5.13973
-5.22524
-4.94592
-5.60866
-4.91375
-4.87541
-5.27811
-5.01501
-5.02584
-5.15547
-4.91606
-5.11883
-5.21709
-5.25426
-5.44705
-5.49307
-5.48754
-5.33539
-5.16776
-5.26873
-5.23079
-5.04821
-5.55607
-6.2578
-6.25922
-5.39695
-5.14343
-5.11113
-6.54304
-6.35487
-6.77758
-7.55945
-7.55889
-6.88067
-6.33479
-6.45978
-6.46758
-6.35549
-6.59011
-6.5878
-6.82931
-6.65176
-6.42723
-6.449
-6.35054
-6.1802
-6.45278
-6.32858
-6.35903
-6.41203
-6.19235
-6.07231
-6.92999
-6.30656
-6.5955
-6.55279
-6.58428
-6.49347
-6.05765
-7.16321
-5.74662
-4.80942
-5.2049
-5.35053
-5.14246
-5.21796
-4.94213
-5.60643
-4.91201
-4.87368
-5.28022
-5.01305
-5.01912
-5.15987
-4.92052
-5.12155
-5.21302
-5.2512
-5.45227
-5.493
-5.48106
-5.33235
-5.17361
-5.274
-5.22891
-5.05233
-5.55865
-6.25982
-6.25665
-5.40143
-5.14268
-5.11787
-6.54642
-6.35565
-6.77547
-7.56286
-7.5665
-6.88364
-6.34054
-6.45501
-6.46979
-6.35669
-6.59402
-6.58947
-6.83429
-6.65039
-6.4261
-6.4543
-6.35248
-6.18381
-6.45583
-6.32698
-6.36119
-6.41273
-6.19242
-6.07297
-6.92757
-6.30764
-6.60012
-6.55853
-6.58486
-6.49952
-6.058
-7.15967
-5.74925
-4.80752
-5.20518
-5.35062
-5.14585
-5.22085
-4.94796
-5.61002
-4.91136
-4.87867
-5.275
-5.01441
-5.02105
-5.1543
-4.91616
-5.1188
-5.2158
-5.25687
-5.45014
-5.49911
-5.48063
-5.33879
-5.16709
-5.27422
-5.22891
-5.04588
-5.55247
-6.26289
-6.26381
-5.39618
-5.14385
-5.1186
-6.55013
-6.35384
-6.77113
-7.56647
-7.56495
-6.87944
-6.33342
-6.45644
-6.46943
-6.35432
-6.5943
-6.58818
-6.82726
-6.65089
-6.42732
-6.45195
-6.34911
-6.18534
-6.45897
-6.32562
-6.36305
-6.41668
-6.19304
-6.07185
-6.92756
-6.30541
-6.60106
-6.55283
-6.58828
-6.4968
-6.05546
-7.16588
-5.74821
-4.80839
-5.2073
-5.35223
-5.14389
-5.22646
-4.94286
-5.60978
-4.9178
-4.87408
-5.27482
-5.01325
-5.02458
-5.15529
-4.92212
-5.11924
-5.21947
-5.25539
-5.45099
-5.50008
-5.4836
-5.33328
-5.17324
-5.26997
-5.22564
-5.0512
-5.55652
-6.26125
-6.26084
-5.39659
-5.14209
-5.11085
-6.54469
-6.35906
-6.77689
-7.56236
-7.55999
-6.8763
-6.33855
-6.4561
-6.46442
-6.35888
-6.5896
-6.58801
-6.83117
-6.6464
-6.42346
-6.45051
-6.3454
-6.18074
-6.45435
-6.32983
-6.35698
-6.41102
-6.19444
-6.07378
-6.92478
-6.30525
-6.59695
-6.55622
-6.58217
-6.49963
-6.05458
-7.16072
-5.74461
-4.80626
-5.21025
-5.35138
-5.14541
-5.22205
-4.94838
-5.61104
-4.91517
-4.87323
-5.28159
-5.0146
-5.02136
-5.1554
-4.92141
-5.12336
-5.21603
-5.25718
-5.45031
-5.49606
-5.48402
-5.33692
-5.17226
-5.26884
-5.22489
-5.04929
-5.55533
-6.26173
-6.25811
-5.40273
-5.1461
-5.11461
-6.54415
-6.35652
-6.7714
-7.56086
-7.5599
-6.87614
-6.33728
-6.46306
-6.46298
-6.35978
-6.59341
-6.5885
-6.83117
-6.64567
-6.42276
-6.452
-6.35297
-6.18054
-6.45511
-6.32687
-6.3617
-6.41125
-6.18952
-6.07294
-6.92848
-6.30448
-6.60223
-6.55553
-6.58821
-6.4961
-6.05894
-7.15983
-5.74992
-4.80861
-5.20595
-5.34766
-5.14373
-5.22663
-4.94254
-5.60822
-4.91357
-4.87854
-5.28295
-5.01659
-5.02479
-5.15948
-4.92007
-5.12166
-5.21937
-5.25071
-5.45471
-5.49458
-5.48062
-5.33531
-5.17366
-5.27536
-5.2275
-5.04655
-5.55506
-6.26492
-6.25793
-5.40067
-5.14612
-5.11682
-6.54319
-6.35922
-6.77669
-7.55998
-7.56191
-6.88302
-6.33353
-6.46261
-6.46456
-6.35549
-6.59586
-6.5919
-6.83147
-6.64733
-6.4249
-6.44957
-6.35336
-6.18547
-6.45546
-6.32681
-6.3602
-6.41567
-6.19069
-6.06748
-6.92475
-6.31196
-6.59582
-6.55961
-6.58292
-6.4982
-6.05953
-7.16323
-5.74749
-4.80573
-5.20922
-5.35105
-5.14299
-5.22056
-4.9415
-5.61016
-4.91321
-4.87794
-5.27864
-5.01764
-5.0224
-5.15563
-4.92169
-5.11762
-5.21678
-5.24882
-5.44999
-5.49456
-5.48144
-5.33626
-5.17214
-5.27343
-5.22865
-5.05085
-5.55279
-6.26201
-6.2573
-5.39577
-5.14616
-5.1123
-6.54456
-6.35175
-6.77604
-7.56639
-7.56166
-6.87928
-6.33232
-6.45869
-6.46363
-6.3598
-6.59291
-6.58975
-6.8336
-6.64695
-6.42447
-6.44957
-6.34995
-6.18152
-6.45811
-6.32676
-6.36209
-6.41448
-6.19257
-6.06917
-6.93169
-6.30711
-6.5967
-6.55591
-6.5882
-6.49585
-6.05647
-7.16147
-5.74781
-4.80423
-5.20205
-5.35016
-5.14496
-5.22614
-4.94653
-5.60922
-4.91247
-4.88024
-5.28284
-5.01554
-5.01979
-5.15481
-4.91791
-5.12266
-5.21507
-5.25367
-5.45352
-5.49508
-5.48244
-5.33375
-5.16816
-5.27229
-5.23046
-5.04606
-5.55822
-6.25781
-6.26314
-5.39439
-5.14352
-5.1191
-6.54572
-6.35143
-6.76956
-7.56378
-7.56594
-6.88276
-6.3373
-6.46214
-6.46247
-6.36142
-6.59238
-6.58667
-6.83111
-6.64727
-6.42732
-6.45201
-6.34741
-6.18475
-6.45854
-6.33375
-6.35821
-6.41269
-6.19314
-6.07136
-6.92936
-6.3082
-6.59668
-6.55683
-6.58493
-6.50013
-6.05362
-7.16011
-5.74511
-4.81133
-5.20586
-5.35342
-5.14055
-5.22499
-4.94799
-5.60901
-4.91918
-4.87889
-5.27955
-5.01373
-5.02461
-5.15247
-4.92184
-5.11862
-5.21657
-5.25031
-5.44728
-5.49876
-5.48826
-5.33674
-5.17407
-5.2694
-5.22452
-5.05089
-5.55803
-6.26101
-6.25837
-5.39681
-5.14472
-5.11859
-6.54534
-6.35877
-6.77181
-7.56277
-7.55863
-6.8828
-6.34041
-6.4615
-6.4621
-6.35904
-6.59637
-6.58873
-6.82655
-6.65074
-6.42255
-6.4535
-6.34971
-6.17749
-6.45447
-6.33119
-6.35558
-6.41596
-6.19388
-6.0684
-6.92395
-6.30652
-6.59827
-6.55935
-6.58136
-6.49402
-6.05555
-7.16151
-5.74432
-4.80808
-5.20226
-5.35292
-5.1431
-5.21901
-4.9461
-5.60992
-4.91527
-4.87842
-5.28069
-5.01539
-5.02121
-5.15789
-4.92222
-5.12191
-5.21353
-5.25615
-5.45113
-5.50115
-5.4839
-5.33752
-5.16784
-5.27561
-5.2264
-5.04526
-5.5583
-6.25919
-6.26515
-5.39476
-5.1462
-5.11124
-6.54753
-6.35918
-6.77723
-7.56096
-7.56181
-6.87874
-6.33306
-6.45812
-6.46115
-6.357
-6.59741
-6.59043
-6.83503
-6.64871
-6.42776
-6.45716
-6.34449
-6.18448
-6.4596
-6.32716
-6.35993
-6.41413
-6.19817
-6.07471
-6.92555
-6.30689
-6.59606
-6.55824
-6.58717
-6.49539
-6.06184
-7.15872
-5.74937
-4.81166
-5.20429
-5.35427
-5.14532
-5.22356
-4.94896
-5.60518
-4.91396
-4.87695
-5.27613
-5.01047
-5.02211
-5.15318
-4.91822
-5.12188
-5.21715
-5.25408
-5.44817
-5.49913
-5.48058
-5.33838
-5.17358
-5.27495
-5.23098
-5.0491
-5.55585
-6.26432
-6.25964
-5.40324
-5.14083
-5.11804
-6.55032
-6.35898
-6.77235
-7.56357
-7.5615
-6.87752
-6.33268
-6.46069
-6.46546
-6.35695
-6.59041
-6.59289
-6.82781
-6.6491
-6.42572
-6.45396
-6.34601
-6.18134
-6.45795
-6.32604
-6.36017
-6.40968
-6.19564
-6.07508
-6.92771
-6.30413
-6.59803
-6.55836
-6.5834
-6.49726
-6.05877
-7.15969
-5.91802
-4.97445
-5.3632
-5.50649
-5.28084
-5.39244
-5.08904
-5.77949
-5.07678
-5.04498
-5.45918
-5.20142
-5.18615
-5.30735
-5.07188
-5.30235
-5.38153
-5.42641
-5.635
-5.68798
-5.65409
-5.51045
-5.31296
-5.43895
-5.40074
-5.19166
-5.74576
-6.47435
-6.47709
-5.58352
-5.29149
-5.28351
-6.60017
-6.40582
-6.8332
-7.62352
-7.6261
-6.91105
-6.38741
-6.51297
-6.51933
-6.41297
-6.64996
-6.64483
-6.87436
-6.70927
-6.48244
-6.5118
-6.39195
-6.22135
-6.50209
-6.36674
-6.40082
-6.45868
-6.25033
-6.1286
-6.98587
-6.36309
-6.65998
-6.6
-6.62798
-6.54883
-6.08517
-7.22128
0.275632
0.275651
0.283424
0.282194
0.275383
0.278586
0.279278
0.281145
0.276366
0.28154
0.278867
0.277862
0.282645
0.28288
0.279757
0.275816
0.283604
0.27954
0.275698
0.28064
0.280249
0.275719
0.276074
0.278128
0.282424
0.278555
0.281641
0.281904
0.281458
0.280212
0.281117
0.282225
0.278259
0.275548
0.275643
0.283429
0.278977
0.282511
0.282222
0.276123
0.279133
0.279155
0.281842
0.279995
0.282254
0.276366
0.277221
0.281299
0.28036
0.277316
0.276479
0.280289
0.283309
0.283988
0.281312
0.284099
0.281414
0.280672
0.277746
0.281101
0.276278
0.283238
0.280656
0.280983
0.764126
0.760583
0.764003
0.756318
0.75982
0.756968
0.75778
0.761798
0.763175
0.764224
0.764461
0.757351
0.763698
0.757473
0.75842
0.760392
0.760385
0.75664
0.758637
0.756317
0.759044
0.758828
0.757424
0.762021
0.760657
0.75839
0.763708
0.761752
0.75743
0.756391
0.756881
0.757258
0.75692
0.763325
0.762051
0.76117
0.76482
0.761921
0.758781
0.763501
0.763796
0.761311
0.762171
0.763338
0.756189
0.75633
0.75665
0.760285
0.758792
0.763407
0.762779
0.762802
0.758942
0.764218
0.763573
0.756966
0.762809
0.764357
0.764384
0.758969
0.759869
0.759184
0.755894
0.757857
0.796709
